,q10,q50,q90,truth,$btc_dom,$fg_index,$high_vol_flag,$momentum_10,$momentum_25,$momentum_5,$realized_vol_6,$relative_volatility_index,OPEN1,RSV1,RSV2,RSV3,VOLUME1,btc_std_7d,btc_zscore_14d,fg_std_7d,fg_zscore_14d,vol_momentum_scaled,vol_raw,vol_raw_decile,vol_raw_momentum,vol_risk,vol_scaled,prob_up,vol_regime_low,vol_regime_medium,vol_regime_high,momentum_regime_trending,momentum_regime_ranging,regime_low_vol_trending,regime_low_vol_ranging,regime_high_vol_trending,regime_high_vol_ranging,regime_stability,spread,abs_q50,market_variance,prediction_variance,total_risk,enhanced_info_ratio,info_ratio,potential_gain,potential_loss,expected_value,variance_regime_low,variance_regime_medium,variance_regime_high,variance_regime_extreme,signal_thresh_adaptive,effective_info_ratio_threshold,economically_significant_traditional,economically_significant_expected_value,economically_significant_combined,economically_significant,high_quality,tradeable,q50_x_low_variance,q50_x_high_variance,q50_x_extreme_variance,q50_x_trending,spread_x_high_variance,vol_risk_x_abs_q50,enhanced_info_ratio_x_trending,signal_to_variance_ratio,variance_adjusted_signal,signal_tier,kelly_position_size,side,signal_strength,position_size_suggestion
q10,1.0,-0.05902778764713029,-0.6676207978546472,0.2851879868456504,-0.04477007519581279,0.031096632685973864,-0.029793043831843346,0.09385276349949558,0.1024567839109877,0.07725522285213583,-0.614941809783517,-0.06760858145458468,-0.0538469391863774,0.00782691060936003,0.007251206544934684,0.013975230666875223,-0.001677376863883557,-0.48461667972054207,-0.013714032014598853,-0.21667591313238888,0.1444903749802086,-0.0441389338104368,-0.614941809783517,-0.1983852541012288,-0.044138932897909586,-0.3894388045996029,-0.10612766004391608,0.1174623039553706,,,,,,,,,,0.13906904593413746,-0.9136293369565495,-0.19447314909712451,-0.3894388045996029,-0.8144041936217449,-0.7771803102433321,0.30917679341131904,0.32297361355708104,-0.7721714951341095,-0.9005848845495533,0.11814052534583798,0.3925137725404784,0.07343277633995657,-0.20837820921660416,-0.44164640370818703,-0.5944489593798188,-0.5321414015092808,0.04221790062990593,-0.05368787815482928,-0.04388454627067866,-0.05368787815482928,,-0.05368787815482928,0.09326003408063964,-0.06720015673381209,-0.21446385238058208,,-0.3362389901625787,-0.3525944247097998,,-0.04906073314328313,-0.02480477074016588,0.06663959071450551,0.11803641544849877,0.008194284260334757,0.1135705961233371,-0.012922077724989212
q50,-0.05902778764713029,1.0,0.21117726423330058,0.10016699442100857,0.10697545554734211,0.10071227844606642,0.07088907262472498,-0.3095229149110522,-0.16432622670504418,-0.44561308632477004,0.10891284685612755,0.08624560191239466,0.5137390036148919,-0.39953020104564485,-0.5688255038967663,-0.6289339995366036,0.002660426378782127,0.09078001294675915,0.2340487160866113,0.038831065532709035,0.04755535296831362,0.030384367476895262,0.10891284685612755,0.12974610497770733,0.030384367035441354,0.045897730946198104,0.09951603720022068,0.7708827380617385,,,,,,,,,,-0.011135288241920812,0.14772706285587367,0.5808227898908128,0.045897730946198104,0.10895177849540266,0.13146146389552352,0.3316637549970879,0.36013703924780455,0.16684945586077843,0.10216956661868962,0.2313001190472854,-0.10985976107451699,0.015983394850598426,0.05207648759100342,0.0722773289987731,0.11008506850695357,0.10885473394085447,0.3117348642304278,0.33032957227289333,0.373283446526054,0.33032957227289333,,0.33032957227289333,0.4080457777472327,0.47425736123671575,0.3592689024820165,,0.0653770087565301,0.14992055066902973,,0.5365671191313963,0.9892878694460878,0.4561236430868215,0.31907997837662966,0.44935397543943645,0.45595314634354905,0.32636706162656826
q90,-0.6676207978546472,0.21117726423330058,1.0,0.25582111406063524,0.10356202296697728,0.013326580745515517,0.028656261885548037,-0.09328906933467751,-0.10810833710842689,-0.08747878488224188,0.6425457814616745,0.08758308711636334,0.08734873364272178,-0.01921905223093057,-0.025027805030203264,-0.02600760102416668,-0.002079015941958421,0.4912823661268061,0.14432046788945432,0.20774067527176956,-0.1085821550178612,0.04979890125454314,0.6425457814616745,0.24046320512739527,0.04979890066450281,0.4072624863582645,0.11831036650034761,0.06946642218499136,,,,,,,,,,-0.1519213865319045,0.9126336840817157,0.28530183037426166,0.4072624863582645,0.7778883510053254,0.7907381784938424,-0.2745430367158936,-0.2747808366039463,0.9034078000166378,0.7628783405857544,0.24386886478725514,-0.4313829866816596,-0.05639149618840203,0.2114259515586245,0.4691285359423386,0.6297066373444602,0.5721463818160851,0.000110469444758427,0.26001986531132004,0.25705829266818586,0.26001986531132004,,0.26001986531132004,-0.05144014422380682,0.14807569059421186,0.31489832033251847,,0.3278039100173678,0.4222044415385845,,0.12435728396169198,0.16724542565775966,-0.01262318106149202,0.014650880887788582,0.29607132413014225,0.046851019934546476,0.20952636975742972
truth,0.2851879868456504,0.10016699442100857,0.25582111406063524,1.0,0.013854298698138893,0.012014604982388549,-0.003775579500761274,-0.0029307912002618313,-0.009149378521863418,-0.012796930281103482,0.009836693041613696,0.0003376736680900227,0.01592817056658357,-0.006808627157455064,-0.006156815585717198,-0.005910331188170697,-0.000159651004886849,-0.0028677422050417964,0.035059545589140054,-0.003351399499973811,0.013891448545121357,-0.009778163920308775,0.009836693041613696,0.0022144135218082036,-0.009778163726487946,0.02018349531159419,-0.0001539565221768756,0.1117588407967345,,,,,,,,,,-0.00010630836655466175,-0.016890589835316414,0.04770491410018072,0.02018349531159419,-0.03155581908117272,-0.00208754841894149,0.026921465951584435,0.031228727556699143,0.08855765986330548,-0.12311300304871947,0.2798354498410114,-0.0061811715312195285,0.005008101965774591,-0.001189307961037785,0.0028495939818615704,0.011381478990154573,0.005174283995212384,0.02420398411991665,0.1176884295755382,0.12226181645946363,0.1176884295755382,,0.1176884295755382,0.029505103585157896,0.053033019969332455,0.06958524417761965,,-0.014585781977070162,0.060597291884721974,,0.037990103517995366,0.09175664667254706,0.032742374287967474,0.07781918486270943,0.19035328270695803,0.09074035013670961,0.10951367615432599
$btc_dom,-0.04477007519581279,0.10697545554734211,0.10356202296697728,0.013854298698138893,1.0,0.2580244996737947,-0.007734197757910841,0.04009001402082047,0.059651879885141285,0.028713553048977953,0.0700851615900809,0.0033483956234423556,-0.01681945196815171,0.031248571296555637,0.037128213748872,0.04035182321003429,-0.00042027862389566593,0.19748085982764021,0.08370940713850487,0.11128235222803333,0.036389482316904476,-0.00040895219851832604,0.0700851615900809,0.002711487063786329,-0.00040895232376613556,0.04969869314919586,0.005692475234836922,0.08440094952611497,,,,,,,,,,-0.45867835966443044,0.08113347350491079,0.01989201506805566,0.04969869314919586,0.07681326942250113,0.08057165149049254,-0.05805618020087703,-0.051478712479180525,0.08788443518938867,0.05996933003005428,0.0544328058272038,-0.03296438799130393,-0.003511720701854216,-0.0007835343803298795,0.05713281640802384,0.061365533214224756,0.06034094737078701,0.031458072382592156,0.07406774383951303,0.06861814613325544,0.07406774383951303,,0.07406774383951303,0.020657391738113984,0.06047083954167496,0.0647531973165931,,0.016108815321053332,0.05473283106073146,,-0.003952677105363604,0.10150119854490741,0.0008419435713076486,0.031836545754563364,0.09278581096792674,0.043924148667716365,0.06858631285657736
$fg_index,0.031096632685973864,0.10071227844606642,0.013326580745515517,0.012014604982388549,0.2580244996737947,1.0,0.002911043185398274,0.0652639035826247,0.15148916249947506,0.03904218386372013,-0.036013669391416106,0.019882213291726264,-0.02258353096970971,0.040434036050292305,0.050298255763798684,0.05807139212806312,0.007220000386193437,0.08303111583195638,-0.04216246124837162,-0.03460256318844262,0.2779413210710148,0.0024969161149442035,-0.036013669391416106,0.012362879635379983,0.0024969161439521185,-0.04384434135527025,0.03191448588799592,0.08122333634771248,,,,,,,,,,0.1876181184271558,-0.009796801853256943,0.10244543406497782,-0.04384434135527025,-0.032685103483995934,-0.030241288595636986,0.057452515713839206,0.05023965773808384,-0.0010272231652713245,-0.017180141330733013,0.0349461379203478,-0.021920593339660985,0.03833644123419486,0.006240917383950029,-0.03743867481884929,-0.029703828912421976,-0.0187759917221601,0.08624397427780504,0.06140347765185931,0.06489305818868348,0.06140347765185931,,0.06140347765185931,0.032885046875590004,0.04888776388826996,0.025598723586931278,,-0.004370511548582798,-0.01735180574504083,,0.11145797327236046,0.10170117758730925,0.11543819462423671,0.08987548753289587,0.07857161169698562,0.11095212605798913,0.06796363142871417
$high_vol_flag,-0.029793043831843346,0.07088907262472498,0.028656261885548037,-0.003775579500761274,-0.007734197757910841,0.002911043185398274,1.0,-0.031956847977782914,-0.021048340078995025,-0.03149759964074341,0.33927614448748705,0.7787238175207938,0.016222647326771356,0.005891907758938736,0.0029163326131329973,-0.0030572340797747006,-0.003174049174267335,-0.019346733252570476,0.016097463267661406,-0.011418739863322785,0.0003978324422648536,0.23325553166085364,0.33927614448748705,0.49998445420409315,0.23325553182970718,0.16318822281168538,0.6397486951961698,0.06330203271503475,,,,,,,,,,0.02338383591697267,0.032006522247101696,0.018057678089734172,0.16318822281168538,0.01906300095959481,0.24525036806055747,-0.15265352277857394,-0.0172531897742339,0.031085919899452197,0.027380600421574374,0.016874590140296738,-0.24733961328531653,-0.07708915265384646,0.18696637600837657,0.25441023805663293,0.3473429730816241,0.31667005027980977,-0.07435332715836018,0.04628895538599451,0.036681518042459255,0.04628895538599451,,0.04628895538599451,-0.05430255763973273,0.08785355138539351,0.13080557546233956,,0.09296138574019555,0.14282035955351938,,-0.05300315766598508,0.05289791467134713,-0.12099839966875242,-0.0551280942753521,0.04575369066992758,-0.03678267241772653,0.02798881605709246
$momentum_10,0.09385276349949558,-0.3095229149110522,-0.09328906933467751,-0.0029307912002618313,0.04009001402082047,0.0652639035826247,-0.031956847977782914,1.0,0.6441037017721144,0.6969395187357348,-0.07417097833646233,-0.0338917435916393,-0.441772919509786,0.130905295383108,0.19870908623285644,0.26294886964024,-0.0017086194479307595,-0.007159552940397942,0.08357733266285221,-0.012459448659419704,0.1013945505450633,-0.024644155194312425,-0.07417097833646233,-0.03631459040247299,-0.024644154532937532,-0.11897699895969166,-0.044425690207593134,-0.1937009223080083,,,,,,,,,,4.562188905163362e-05,-0.1024732437132322,-0.13027591951492473,-0.11897699895969166,-0.1552683098335497,-0.09006002021350662,-0.0632792505734764,-0.06838736212320241,-0.08825562947367954,-0.09932439326512474,-0.035486868323285924,-0.0031493327132324006,0.015787383610786437,0.01727141544134887,-0.04399786389333271,-0.06606354491028395,-0.03285389685047267,-0.054843786519986004,-0.05709845221388469,-0.06657678447421073,-0.05709845221388469,,-0.05709845221388469,-0.0619143320734199,-0.1882375639459752,-0.1917234002130942,,0.004503498436303322,-0.1268793189976762,,-0.09654625756960147,-0.2934908988808758,-0.09079880084054176,-0.05367983678818585,-0.09868209435997755,-0.0853995399528283,-0.04475872479440862
$momentum_25,0.1024567839109877,-0.16432622670504418,-0.10810833710842689,-0.009149378521863418,0.059651879885141285,0.15148916249947506,-0.021048340078995025,0.6441037017721144,1.0,0.4492295258381267,-0.0987542915821503,-0.019822204362267122,-0.28277979665347586,0.09141744600238981,0.12205542214742214,0.15517073501979411,-0.0008266180565181724,-0.0072321732351905066,0.10821370005174868,-0.026884697167538035,0.2689578799457632,-0.011968098597735928,-0.0987542915821503,-0.04980266064110717,-0.011968098166470247,-0.14452166520172813,-0.04018440154461703,-0.09388331543850105,,,,,,,,,,-0.00018704387028553306,-0.11528971774927446,-0.06468394070908123,-0.14452166520172813,-0.19103415396588785,-0.10997170063882046,-0.02862346737705341,-0.030672098658443735,-0.10005311814838212,-0.11095211181006118,-0.015234185136186134,-0.0052164429632672125,0.025658279746695604,0.02015967748354265,-0.06081001667701734,-0.0842042727125342,-0.044995706991468654,-0.01311448842405768,-0.018500442146387356,-0.024042846068169244,-0.018500442146387356,,-0.018500442146387356,-0.026661579136213753,-0.0983256167825597,-0.11475701005210329,,0.009895981510214355,-0.1369850601912604,,-0.029865763284433147,-0.15172340037131574,-0.031968337758152034,-0.014572843672822256,-0.046163611184998836,-0.030517774350090596,-0.0030509679501205447
$momentum_5,0.07725522285213583,-0.44561308632477004,-0.08747878488224188,-0.012796930281103482,0.028713553048977953,0.03904218386372013,-0.03149759964074341,0.6969395187357348,0.4492295258381267,1.0,-0.03396330936313221,-0.026623723311757434,-0.6235081260543199,0.18642841289493292,0.30216543811755375,0.40821161429438535,-0.0038525844976661856,-0.004635851187120713,0.06296349431084446,-0.008220157929823267,0.05531907333045484,-0.053144605160470884,-0.03396330936313221,-0.012432400775539263,-0.05314460456867385,-0.055888125173708676,-0.0262624961754036,-0.2774065310467989,,,,,,,,,,-6.705299431016394e-05,-0.0901873363846719,-0.24551693476768327,-0.055888125173708676,-0.1351641716065996,-0.057834406565586235,-0.1310362118039426,-0.14093760003719913,-0.07772630201947325,-0.0873557014771795,-0.05640755127576973,-0.005485347116667735,0.010485058621232519,0.010589793877858815,-0.022862320455706457,-0.03013773228747048,-0.015235295936556698,-0.09294174758603761,-0.08072258767654679,-0.10127408673247024,-0.08072258767654679,,-0.08072258767654679,-0.09101206202721583,-0.26919151708859673,-0.28878475052411606,,-0.005112131659864541,-0.11582453556983206,,-0.2039606189163282,-0.42017657769882344,-0.16343104350747084,-0.08902640404034604,-0.13846459578564146,-0.13687405824433788,-0.07326196846280678
$realized_vol_6,-0.614941809783517,0.10891284685612755,0.6425457814616745,0.009836693041613696,0.0700851615900809,-0.036013669391416106,0.33927614448748705,-0.07417097833646233,-0.0987542915821503,-0.03396330936313221,1.0,0.4162040735305301,0.022596341987820907,0.00906548917700859,0.011717115979400493,0.011017859589388264,3.752356155230232e-05,0.3835609105422417,0.07843795666883946,0.17596870822283067,-0.1031682821083844,0.20432182961013273,1.0,0.600253142360003,0.2043218283485317,0.752159084822969,0.5076148448441257,0.00020828884944096393,,,,,,,,,,-0.1214646983747865,0.6885153978099549,0.16981844183172295,0.752159084822969,0.6028639459992627,0.9599721663822366,-0.3497340639485647,-0.2212118079740332,0.6459759805220452,0.6123803180385428,0.08331979795676726,-0.4862074412523454,-0.20282128110059272,0.25520895226144485,0.7336092816797052,0.9486025877548421,0.8048282995217478,-0.10212186099309707,0.14703856626535886,0.13602267834630505,0.14703856626535886,,0.14703856626535886,-0.1056570040405859,0.09965320553852963,0.3460357275442799,,0.24246074145616028,0.6598396458549493,,-0.06788688786717345,0.050472252439987784,-0.1749016267436749,-0.10508399169885685,0.13685212439124453,-0.07575962131433857,0.07011384131244822
$relative_volatility_index,-0.06760858145458468,0.08624560191239466,0.08758308711636334,0.0003376736680900227,0.0033483956234423556,0.019882213291726264,0.7787238175207938,-0.0338917435916393,-0.019822204362267122,-0.026623723311757434,0.4162040735305301,1.0,0.00911953184659519,0.00876608322754807,0.008244202254279959,0.0037957908177672197,-0.0019810256448363223,-0.00022364372886556227,0.002930403967390284,-0.011135569944681093,0.006405455934960709,0.30033907754833605,0.4162040735305302,0.6172623551308906,0.30033907771741564,0.19040644596436296,0.7678636938480898,0.07875783272425747,,,,,,,,,,0.0019946858071609465,0.08494767663617696,0.022790353153517868,0.19040644596436296,0.048685303606391624,0.313248841994432,-0.22411602391542434,-0.0635706688945595,0.07879881985320526,0.07648170353092493,0.020358161249681202,-0.3656744948538034,-0.027245562861655647,0.23452998647602183,0.2903585612890447,0.43091618597113573,0.40120026047997986,-0.10714408069644453,0.04997421861361478,0.04152999900168496,0.04997421861361478,,0.04997421861361478,-0.0755545850654717,0.10431649984175351,0.1434129980587422,,0.1429396467546576,0.16459804541661757,,-0.05653689747073311,0.06715547427309676,-0.16544329899492105,-0.08791087287353244,0.05671453153933098,-0.058801914877985084,0.02993342118546449
OPEN1,-0.0538469391863774,0.5137390036148919,0.08734873364272178,0.01592817056658357,-0.01681945196815171,-0.02258353096970971,0.016222647326771356,-0.441772919509786,-0.28277979665347586,-0.6235081260543199,0.022596341987820907,0.00911953184659519,1.0,-0.34022410288428134,-0.5760774998513603,-0.6207476617689003,-0.0026000906000275535,0.012683230965999581,-0.043226774230003255,0.007540412052005309,-0.030268998000827038,0.045727861452780134,0.022596341987820907,0.008502214545436884,0.045727859870934175,0.014567021683473628,0.01457634357145054,0.32959416937232805,,,,,,,,,,-0.0024310283334002016,0.077263692394849,0.33106883977732343,0.014567021683473628,0.11161059080823119,0.04522041519479502,0.1815958530074878,0.2030524420120624,0.07726613752160368,0.06378873847962177,0.09426538889154855,-0.0014998024395311658,-0.009475044416583108,-0.00013533044512086716,0.01794369733568383,0.01619680410124464,0.014727223616582253,0.11138908290007904,0.12246659454958013,0.1565963629391233,0.12246659454958013,,0.12246659454958013,0.10155447792650606,0.2994686179330681,0.356351119550248,,0.011990674807721086,0.12368207731365922,,0.2794947312285184,0.4793081629779005,0.2021838146371051,0.11843559649593896,0.1850978206364632,0.18391083199203173,0.11528028477026903
RSV1,0.00782691060936003,-0.39953020104564485,-0.01921905223093057,-0.006808627157455064,0.031248571296555637,0.040434036050292305,0.005891907758938736,0.130905295383108,0.09141744600238981,0.18642841289493292,0.00906548917700859,0.00876608322754807,-0.34022410288428134,1.0,0.8108812218730754,0.6836413875329619,-0.011178143323044513,0.010182036878587982,0.02235438615106624,-0.0017202905903349924,0.027641675629311392,-0.0007457255223525667,0.009065489177008593,0.008325064473232177,-0.0007457252027850179,0.005177015129499451,0.0076416445945572025,-0.3462782761119106,,,,,,,,,,-0.015881396004161878,-0.01479237168691317,-0.21357435993140386,0.005177015129499451,-0.015235763749628971,0.00034569070363549926,-0.16845253343241529,-0.17163017938411385,-0.014504816870124839,-0.012521962702757487,-0.060050481449409276,-0.011129430713038341,0.0067725990131891085,0.00012779143583843835,0.005770674799061026,0.008707888113186872,0.009816148792851524,-0.11398684382594565,-0.09657969755871174,-0.11093254779107338,-0.09657969755871174,,-0.09657969755871174,-0.21195107052170054,-0.1739121099631242,-0.10711053024543069,,-0.006598853070520408,-0.031900076125655,,-0.2085948533200899,-0.40092525213464525,-0.18991731553840951,-0.1068509994645734,-0.1378457896881121,-0.16384397684271845,-0.09775601357152076
RSV2,0.007251206544934684,-0.5688255038967663,-0.025027805030203264,-0.006156815585717198,0.037128213748872,0.050298255763798684,0.0029163326131329973,0.19870908623285644,0.12205542214742214,0.30216543811755375,0.011717115979400493,0.008244202254279959,-0.5760774998513603,0.8108812218730754,1.0,0.8962333403608349,0.007488459830134588,0.012286372267817345,0.030142050080792147,-0.0008490476480777574,0.028626342964947,-0.008410962397760124,0.011717115979400493,0.011994359077641459,-0.008410962088039006,0.006594921932065176,0.00825004512643581,-0.4847873164249841,,,,,,,,,,-0.017415610320880473,-0.01764824587729862,-0.33261985849551123,0.006594921932065176,-0.02070906088136188,0.00023562219279192698,-0.2664318109364947,-0.27578572218667075,-0.017356943680584082,-0.014889887762447892,-0.08502724447713497,-0.01361075825941934,0.004802004851096526,0.0033962759215438814,0.008420858831057306,0.01266802232690467,0.013069469178193653,-0.15881238337368078,-0.13987345356183598,-0.1713037900011014,-0.13987345356183598,,-0.13987345356183598,-0.29464080393282954,-0.24761288460821623,-0.1594176795716494,,-0.004681532250329231,-0.051494059039589785,,-0.32447038937710815,-0.5695446961972898,-0.2748485576245279,-0.15132387522978555,-0.20114834701062906,-0.23517200724456824,-0.14143905034157955
RSV3,0.013975230666875223,-0.6289339995366036,-0.02600760102416668,-0.005910331188170697,0.04035182321003429,0.05807139212806312,-0.0030572340797747006,0.26294886964024,0.15517073501979411,0.40821161429438535,0.011017859589388264,0.0037957908177672197,-0.6207476617689003,0.6836413875329619,0.8962333403608349,1.0,0.008173059069051102,0.014209440943267706,0.036276253747556546,0.0005179807834020548,0.02871528804247262,-0.013672733717555287,0.01101785958938826,0.010919522576336462,-0.013672733382739482,0.007186435336062176,0.003817242831086977,-0.5294294186904251,,,,,,,,,,-0.017631753417942334,-0.021875195016258932,-0.36690473847794136,0.007186435336062176,-0.0265034182679582,-0.002295452624666414,-0.2932704125382527,-0.3026997078686748,-0.018158811119013928,-0.02192990613865648,-0.08619824579970245,-0.014409688829141093,0.006901801565108503,0.003287926362958392,0.00635683851896594,0.011987945713372892,0.011838925057474716,-0.1781988574241709,-0.14993683675110728,-0.18645254106673595,-0.14993683675110728,,-0.14993683675110728,-0.32219389289118194,-0.27634165529037985,-0.18040516173549243,,-0.004950932415194624,-0.05491903071761993,,-0.3569504636736341,-0.6292743844950818,-0.30543050400677196,-0.169268310299396,-0.21752374763052323,-0.25992772630702216,-0.15138132123587264
VOLUME1,-0.001677376863883557,0.002660426378782127,-0.002079015941958421,-0.000159651004886849,-0.00042027862389566593,0.007220000386193437,-0.003174049174267335,-0.0017086194479307595,-0.0008266180565181724,-0.0038525844976661856,3.752356155230232e-05,-0.0019810256448363223,-0.0026000906000275535,-0.011178143323044513,0.007488459830134588,0.008173059069051102,1.0,0.003955869992549433,0.0027593064930830384,0.0011650353438253016,0.004736759598357679,-0.0015083529102062148,3.7523561552302264e-05,-0.0033846370917333876,-0.0015083529068329854,-0.0005216849202823925,-0.001314267029078464,8.776385791720354e-05,,,,,,,,,,0.0023492502802799258,-0.00021429747786294294,2.9475289682854762e-05,-0.0005216849202823925,-0.0006052394213582545,-0.00028916174853996706,-0.0031267644474489904,-0.0029743608229892264,5.3669765944132715e-05,-0.0004545306374813622,0.0008383819124391116,-0.0039367216176125625,0.002451765762216222,0.0030107037024690217,-0.0020044687446085607,0.0009732213425037396,0.00031304479576666817,-0.001415514039274849,0.0031917655486342704,-0.004001601907896547,0.0031917655486342704,,0.0031917655486342704,-0.000892004038849461,0.00861090466798515,-0.0008975473877241491,,0.003476134902512502,5.6452654995220314e-05,,0.0005680588578122778,0.0028844876144726935,-0.00032967552711309447,-0.0017597334901853804,-0.00013704413771200994,-0.00249746667598345,0.0033597041611449613
btc_std_7d,-0.48461667972054207,0.09078001294675915,0.4912823661268061,-0.0028677422050417964,0.19748085982764021,0.08303111583195638,-0.019346733252570476,-0.007159552940397942,-0.0072321732351905066,-0.004635851187120713,0.3835609105422417,-0.00022364372886556227,0.012683230965999581,0.010182036878587982,0.012286372267817345,0.014209440943267706,0.003955869992549433,1.0,0.03613998934415639,0.18772243973339806,0.005890098589799103,-0.0005498704995122954,0.3835609105422416,0.06553092832697073,-0.0005498711277042984,0.2671512063318543,0.006217488507083797,0.020724982573107585,,,,,,,,,,-0.293341978727504,0.5343586036264114,0.19555956840702218,0.2671512063318543,0.4668801810387622,0.4703607704537302,-0.1192390085013947,-0.11453962006350335,0.4963624297237771,0.4804534169490266,0.0539747317712642,-0.23091136978092358,-0.05885460997113663,0.12494656814030791,0.2822325762440851,0.3785382626437477,0.33055744201394993,0.04089823930739058,0.12933198927088274,0.12875230553925562,0.12933198927088274,,0.12933198927088274,-0.022716999725454753,0.06438273107933673,0.1356377351305552,,0.20054878397271056,0.26148290263826024,,0.10227944574148844,0.0718586137593174,0.031226921065343378,0.028328026368722094,0.12770988343963596,0.04321023805660331,0.1034753493255409
btc_zscore_14d,-0.013714032014598853,0.2340487160866113,0.14432046788945432,0.035059545589140054,0.08370940713850487,-0.04216246124837162,0.016097463267661406,0.08357733266285221,0.10821370005174868,0.06296349431084446,0.07843795666883946,0.002930403967390284,-0.043226774230003255,0.02235438615106624,0.030142050080792147,0.036276253747556546,0.0027593064930830384,0.03613998934415639,1.0,0.06885937761815598,0.0615531071805813,0.000779047012878971,0.07843795666883946,0.082760540729569,0.0007790470772433446,0.03277551801299809,0.018904750572384207,0.1962171453652099,,,,,,,,,,0.0408433371789486,0.08633861201675787,0.12922046580937918,0.03277551801299809,0.04728503111857587,0.0871819187396259,0.035715270225738144,0.043764729450563054,0.11681832106688989,0.0397212005207187,0.13396082782925464,-0.05460499184763299,-0.006464764115310041,0.022507780387927397,0.06395635957742336,0.07285997908715766,0.07599428453041643,0.12453883269565807,0.16190030631646032,0.16375164826479285,0.16190030631646032,,0.16190030631646032,0.09774757733666627,0.10967078423048106,0.10101053975566963,,0.022634744720315247,0.06038130168918292,,0.10369557634766348,0.2278071759246564,0.1074939651838943,0.14683960941468985,0.20019134516868356,0.1708784148073043,0.1583184394737643
fg_std_7d,-0.21667591313238888,0.038831065532709035,0.20774067527176956,-0.003351399499973811,0.11128235222803333,-0.03460256318844262,-0.011418739863322785,-0.012459448659419704,-0.026884697167538035,-0.008220157929823267,0.17596870822283067,-0.011135569944681093,0.007540412052005309,-0.0017202905903349924,-0.0008490476480777574,0.0005179807834020548,0.0011650353438253016,0.18772243973339806,0.06885937761815598,1.0,-0.10690483364296584,-0.004773269595208155,0.17596870822283073,0.05365622010260871,-0.004773269804796604,0.08025008175358286,-0.01281649545513758,-0.008141146927134984,,,,,,,,,,-0.15658523026210994,0.23240923749565004,0.12965902706049479,0.08025008175358286,0.139758034970901,0.21044285134600582,-0.08302420748586933,-0.07908241163364552,0.2211073873647587,0.20352599859540288,0.035108240873030806,-0.1731823104038515,0.012413591157571513,0.08900523317750797,0.12559466621628504,0.18559298472602836,0.18070063151486618,0.04539332491949282,0.07305581297876308,0.07292259437641868,0.07305581297876308,,0.07305581297876308,-0.025832404715913877,0.03616136690446457,0.05644033212789194,,0.11357095120901654,0.08108707108418294,,0.09631908315489573,0.03368573800438807,0.033134539900163566,0.025717896416909032,0.06269017944880659,0.04014725484377937,0.06701267532913327
fg_zscore_14d,0.1444903749802086,0.04755535296831362,-0.1085821550178612,0.013891448545121357,0.036389482316904476,0.2779413210710148,0.0003978324422648536,0.1013945505450633,0.2689578799457632,0.05531907333045484,-0.1031682821083844,0.006405455934960709,-0.030268998000827038,0.027641675629311392,0.028626342964947,0.02871528804247262,0.004736759598357679,0.005890098589799103,0.0615531071805813,-0.10690483364296584,1.0,0.002813938786837988,-0.10316828210838443,-0.034546450255069104,0.002813938774496026,-0.06837254519951763,0.005235480278873633,0.07998434631183925,,,,,,,,,,-0.007888360646854798,-0.13862755254837847,-0.006077202416252277,-0.06837254519951763,-0.13086664840638884,-0.12233950472713474,0.03799796243009993,0.049422871947621454,-0.11590336015093486,-0.13794207212057688,0.02942260155672174,0.017505066046172933,0.06681410787831912,-0.029183079681350976,-0.09693277385561688,-0.09670513319173624,-0.0840435565838798,0.041668926832145306,0.03460174739026559,0.032422886974247264,0.03460174739026559,,0.03460174739026559,0.024777379280073425,0.010756830839678787,-0.016066398837727126,,-0.05942338949048916,-0.058098911377719845,,0.02451280700431703,0.05181459210706464,0.04947812940532578,0.059314575369766226,0.044960007823350315,0.07105012516543846,0.04431815862555395
vol_momentum_scaled,-0.0441389338104368,0.030384367476895262,0.04979890125454314,-0.009778163920308775,-0.00040895219851832604,0.0024969161149442035,0.23325553166085364,-0.024644155194312425,-0.011968098597735928,-0.053144605160470884,0.20432182961013273,0.30033907754833605,0.045727861452780134,-0.0007457255223525667,-0.008410962397760124,-0.013672733717555287,-0.0015083529102062148,-0.0005498704995122954,0.000779047012878971,-0.004773269595208155,0.002813938786837988,1.0,0.20432182961013273,0.18977973808615603,1.0000000000000009,0.161727655853951,0.28628097476366215,0.019067269647197082,,,,,,,,,,2.6685455716046076e-05,0.051428634375499764,0.09843489002237148,0.161727655853951,0.055342891960873324,0.16163021055745133,-0.020659359252461398,0.028291626166694228,0.05157720846707757,0.042274063701185444,0.019322336345529035,-0.07616550229398542,-0.05763995962243093,0.04222239595475309,0.15417089714697493,0.18894646539506282,0.15672670366958433,-0.017574711280510604,0.03144266363331701,0.04218334108085631,0.03144266363331701,,0.03144266363331701,-0.024652408152802032,0.034216257143920056,0.09073892339443282,,0.01136700273251863,0.16213952405902735,,0.028062299189466743,0.014534412759182455,-0.015332428120484333,-0.0015097361966672118,0.033400621052918904,0.018493474659530953,0.011106533948531281
vol_raw,-0.614941809783517,0.10891284685612755,0.6425457814616745,0.009836693041613696,0.0700851615900809,-0.036013669391416106,0.33927614448748705,-0.07417097833646233,-0.0987542915821503,-0.03396330936313221,1.0,0.4162040735305302,0.022596341987820907,0.009065489177008593,0.011717115979400493,0.01101785958938826,3.7523561552302264e-05,0.3835609105422416,0.07843795666883946,0.17596870822283073,-0.10316828210838443,0.20432182961013273,1.0,0.600253142360003,0.2043218283485317,0.752159084822969,0.5076148448441257,0.00020828884944096393,,,,,,,,,,-0.1214646983747865,0.6885153978099549,0.16981844183172295,0.752159084822969,0.6028639459992627,0.9599721663822366,-0.3497340639485647,-0.2212118079740332,0.6459759805220452,0.6123803180385428,0.08331979795676726,-0.4862074412523454,-0.20282128110059272,0.25520895226144485,0.7336092816797052,0.9486025877548421,0.8048282995217478,-0.10212186099309707,0.14703856626535886,0.13602267834630505,0.14703856626535886,,0.14703856626535886,-0.1056570040405859,0.09965320553852963,0.3460357275442799,,0.24246074145616028,0.6598396458549493,,-0.06788688786717345,0.050472252439987784,-0.1749016267436749,-0.10508399169885685,0.13685212439124453,-0.07575962131433857,0.07011384131244822
vol_raw_decile,-0.1983852541012288,0.12974610497770733,0.24046320512739527,0.0022144135218082036,0.002711487063786329,0.012362879635379983,0.49998445420409315,-0.03631459040247299,-0.04980266064110717,-0.012432400775539263,0.600253142360003,0.6172623551308906,0.008502214545436884,0.008325064473232177,0.011994359077641459,0.010919522576336462,-0.0033846370917333876,0.06553092832697073,0.082760540729569,0.05365622010260871,-0.034546450255069104,0.18977973808615603,0.600253142360003,1.0,0.18977973795365322,0.25537242992523723,0.7576623235304408,0.09365577948080107,,,,,,,,,,0.0049639504203067815,0.24023522530097996,0.11774598859503177,0.25537242992523723,0.17724134709950545,0.4921129601894864,-0.272978793630306,-0.058274817821351715,0.23246753288350436,0.20636140063463734,0.06206543515786756,-0.5679720463247179,-0.014039415395592777,0.3598995934185733,0.41064731863411663,0.6290557989614325,0.5916489986304458,-0.11812217727048965,0.12603162692139552,0.11864510122820852,0.12603162692139552,,0.12603162692139552,-0.11317186058771278,0.1572148279420153,0.19611306683140756,,0.2571482198436913,0.23089762152866694,,0.006251649405409351,0.1054536527674731,-0.17832960618247196,-0.07562778803367598,0.13284833288937897,-0.036826997832408,0.09940463099332998
vol_raw_momentum,-0.044138932897909586,0.030384367035441354,0.04979890066450281,-0.009778163726487946,-0.00040895232376613556,0.0024969161439521185,0.23325553182970718,-0.024644154532937532,-0.011968098166470247,-0.05314460456867385,0.2043218283485317,0.30033907771741564,0.045727859870934175,-0.0007457252027850179,-0.008410962088039006,-0.013672733382739482,-0.0015083529068329854,-0.0005498711277042984,0.0007790470772433446,-0.004773269804796604,0.002813938774496026,1.0000000000000009,0.2043218283485317,0.18977973795365322,1.0,0.16172765434281772,0.2862809749332344,0.019067269479139504,,,,,,,,,,2.6685703687480057e-05,0.05142863355226288,0.09843488960432302,0.16172765434281772,0.05534289085332855,0.1616302093082537,-0.02065935926604218,0.02829162616900491,0.05157720784703601,0.04227406281197606,0.01932233658424758,-0.07616550221095475,-0.05763995960805088,0.04222239626331098,0.15417089658525593,0.1889464645483841,0.15672670319133583,-0.017574711559242284,0.03144266353927359,0.042183340936224854,0.03144266353927359,,0.03144266353927359,-0.024652408216254976,0.034216257329504,0.09073892248947694,,0.011367002926365055,0.16213952257029654,,0.02806229922482313,0.014534412468781103,-0.015332428404597568,-0.001509736264304309,0.0334006209327183,0.018493474504716202,0.011106533946989546
vol_risk,-0.3894388045996029,0.045897730946198104,0.4072624863582645,0.02018349531159419,0.04969869314919586,-0.04384434135527025,0.16318822281168538,-0.11897699895969166,-0.14452166520172813,-0.055888125173708676,0.752159084822969,0.19040644596436296,0.014567021683473628,0.005177015129499451,0.006594921932065176,0.007186435336062176,-0.0005216849202823925,0.2671512063318543,0.03277551801299809,0.08025008175358286,-0.06837254519951763,0.161727655853951,0.752159084822969,0.25537242992523723,0.16172765434281772,1.0,0.22543431341985878,-0.007944057201093981,,,,,,,,,,-0.06842675215391451,0.43621939463307,0.06268493646132262,1.0,0.5357024847146072,0.7060394117148046,-0.14938725254187368,-0.10108898915480473,0.40994740997581935,0.38728402422912145,0.050793583388395964,-0.1540222513878428,-0.1327575989270101,0.027186694069490154,0.4158093322905756,0.6963899665207924,0.3981782064082973,-0.04394993318157334,0.0615186448959647,0.05578752722858502,0.0615186448959647,,0.0615186448959647,-0.03454675412898858,0.011581075705382117,0.199663098562987,,0.028303845272434798,0.8196034705712351,,-0.09473622980888931,0.003003022686618218,-0.08120101627741114,-0.04747351438097078,0.05583982581079767,-0.04284613941888812,-0.0057771621944327995
vol_scaled,-0.10612766004391608,0.09951603720022068,0.11831036650034761,-0.0001539565221768756,0.005692475234836922,0.03191448588799592,0.6397486951961698,-0.044425690207593134,-0.04018440154461703,-0.0262624961754036,0.5076148448441257,0.7678636938480898,0.01457634357145054,0.0076416445945572025,0.00825004512643581,0.003817242831086977,-0.001314267029078464,0.006217488507083797,0.018904750572384207,-0.01281649545513758,0.005235480278873633,0.28628097476366215,0.5076148448441257,0.7576623235304408,0.2862809749332344,0.22543431341985878,1.0,0.07531969024156765,,,,,,,,,,0.011852897895937152,0.12287625917943326,0.05808570238994339,0.22543431341985876,0.08077009319731437,0.3890647240296059,-0.24559411677012938,-0.05042402487941944,0.11544572164023383,0.10912827734508301,0.028162450866658868,-0.4353542364673545,-0.05869330589012816,0.29956184060440844,0.3614392109441114,0.5282752458788501,0.4899500583711189,-0.12205853920436746,0.0650689160771548,0.056871135792917325,0.0650689160771548,,0.0650689160771548,-0.09300191578163493,0.12572335419099046,0.1775126372533915,,0.18285155616718948,0.200608683900789,,-0.04169979962058059,0.07652854951013383,-0.18290620616288894,-0.09858715671556952,0.06578296906131462,-0.06697727279368587,0.04049482620142872
prob_up,0.1174623039553706,0.7708827380617385,0.06946642218499136,0.1117588407967345,0.08440094952611497,0.08122333634771248,0.06330203271503475,-0.1937009223080083,-0.09388331543850105,-0.2774065310467989,0.00020828884944096393,0.07875783272425747,0.32959416937232805,-0.3462782761119106,-0.4847873164249841,-0.5294294186904251,8.776385791720354e-05,0.020724982573107585,0.1962171453652099,-0.008141146927134984,0.07998434631183925,0.019067269647197082,0.00020828884944096393,0.09365577948080107,0.019067269479139504,-0.007944057201093981,0.07531969024156765,1.0,,,,,,,,,,0.018500103295039465,-0.026560861549714074,0.4012916568324027,-0.007944057201093976,-0.021761328841546076,-0.010073394090259423,0.352969571387522,0.4082203592591916,0.01728458868067383,-0.0667528906148559,0.22411003728368,-0.03238288838745944,0.032543285709463965,0.006501623375221272,-0.012345016301656481,0.002086129355531554,0.005810541653867254,0.2710275795708502,0.31403957946083516,0.3460121711358088,0.31403957946083516,,0.31403957946083516,0.5338431320007437,0.2804722306276747,0.13673496578077282,,-0.005897028062761786,0.04211305118986518,,0.4040130482975437,0.7837440830595801,0.38877707161022945,0.3798294126401259,0.4202630314863087,0.48549001266661096,0.3184813668805343
vol_regime_low,,,,,,,,,,,,,,,,,,,,,,,,,,,,,,,,,,,,,,,,,,,,,,,,,,,,,,,,,,,,,,,,,,,,,,,,,,
vol_regime_medium,,,,,,,,,,,,,,,,,,,,,,,,,,,,,,,,,,,,,,,,,,,,,,,,,,,,,,,,,,,,,,,,,,,,,,,,,,
vol_regime_high,,,,,,,,,,,,,,,,,,,,,,,,,,,,,,,,,,,,,,,,,,,,,,,,,,,,,,,,,,,,,,,,,,,,,,,,,,
momentum_regime_trending,,,,,,,,,,,,,,,,,,,,,,,,,,,,,,,,,,,,,,,,,,,,,,,,,,,,,,,,,,,,,,,,,,,,,,,,,,
momentum_regime_ranging,,,,,,,,,,,,,,,,,,,,,,,,,,,,,,,,,,,,,,,,,,,,,,,,,,,,,,,,,,,,,,,,,,,,,,,,,,
regime_low_vol_trending,,,,,,,,,,,,,,,,,,,,,,,,,,,,,,,,,,,,,,,,,,,,,,,,,,,,,,,,,,,,,,,,,,,,,,,,,,
regime_low_vol_ranging,,,,,,,,,,,,,,,,,,,,,,,,,,,,,,,,,,,,,,,,,,,,,,,,,,,,,,,,,,,,,,,,,,,,,,,,,,
regime_high_vol_trending,,,,,,,,,,,,,,,,,,,,,,,,,,,,,,,,,,,,,,,,,,,,,,,,,,,,,,,,,,,,,,,,,,,,,,,,,,
regime_high_vol_ranging,,,,,,,,,,,,,,,,,,,,,,,,,,,,,,,,,,,,,,,,,,,,,,,,,,,,,,,,,,,,,,,,,,,,,,,,,,
regime_stability,0.13906904593413746,-0.011135288241920812,-0.1519213865319045,-0.00010630836655466175,-0.45867835966443044,0.1876181184271558,0.02338383591697267,4.562188905163362e-05,-0.00018704387028553306,-6.705299431016394e-05,-0.1214646983747865,0.0019946858071609465,-0.0024310283334002016,-0.015881396004161878,-0.017415610320880473,-0.017631753417942334,0.0023492502802799258,-0.293341978727504,0.0408433371789486,-0.15658523026210994,-0.007888360646854798,2.6685455716046076e-05,-0.1214646983747865,0.0049639504203067815,2.6685703687480057e-05,-0.06842675215391451,0.011852897895937152,0.018500103295039465,,,,,,,,,,1.0,-0.1593170534395051,-0.0015348082542920572,-0.06842675215391451,-0.1191130956648771,-0.14646645002631603,0.11918458993717551,0.11127190857611252,-0.1490190480318381,-0.14215929319621246,-0.01670669997128131,0.07137083485707585,0.021189719407716717,-0.03215213774729068,-0.10075247970152165,-0.11622902901916919,-0.11272640384693575,0.02893980011498855,-0.035103322791469466,-0.026014543253864705,-0.035103322791469466,,-0.035103322791469466,0.03612162543632417,-0.024288378376696024,-0.060626526611228596,,-0.0650695927386742,-0.06651780100803191,,0.03252937146925325,-0.0019993176023310167,0.0566878712189734,0.031699598247496845,-0.03207129675970454,0.03190009494958041,-0.02605529227152939
