,q10,q50,q90,truth,$btc_dom,$fg_index,$high_vol_flag,$momentum_10,$momentum_25,$momentum_5,$realized_vol_6,$relative_volatility_index,OPEN1,RSV1,RSV2,RSV3,VOLUME1,btc_std_7d,btc_zscore_14d,fg_std_7d,fg_zscore_14d,vol_momentum_scaled,vol_raw,vol_raw_decile,vol_raw_momentum,vol_risk,vol_scaled,prob_up,vol_regime_low,vol_regime_medium,vol_regime_high,momentum_regime_trending,momentum_regime_ranging,regime_low_vol_trending,regime_low_vol_ranging,regime_high_vol_trending,regime_high_vol_ranging,regime_stability,spread,abs_q50,market_variance,prediction_variance,total_risk,enhanced_info_ratio,info_ratio,potential_gain,potential_loss,expected_value,variance_regime_low,variance_regime_medium,variance_regime_high,variance_regime_extreme,signal_thresh_adaptive,effective_info_ratio_threshold,economically_significant_traditional,economically_significant_expected_value,economically_significant_combined,economically_significant,high_quality,tradeable,q50_x_low_variance,q50_x_high_variance,q50_x_extreme_variance,q50_x_trending,spread_x_high_variance,vol_risk_x_abs_q50,enhanced_info_ratio_x_trending,signal_to_variance_ratio,variance_adjusted_signal,signal_rel,signal_tier,kelly_position_size,signal_tanh,side,signal_strength,position_size_suggestion
q10,1.0,-0.050718446353235816,-0.528857160936588,0.38644104209986274,-0.0338888471281883,0.023812470572003325,-0.016738298115417147,0.10530160549538309,0.09602373977417561,0.07870781153961111,-0.5005201729540851,-0.06362734592832846,-0.0498112749586498,-0.005499323136207214,-0.000984979250036487,0.006572499649773878,-0.00031840011740933604,-0.39863625822272847,0.0011071792413970198,-0.19417170085378532,0.118215161316833,-0.058171181494212666,-0.5005201729540851,-0.15868624808586668,-0.05817118039302135,-0.3397304768764447,-0.08700720044165432,0.17930769107372163,,,,,,,,,,0.1131343356926911,-0.8862964974085439,-0.17628999600939085,-0.3397304768764447,-0.7858031107412535,-0.6949492192807754,0.2747871266361331,0.2958930729683591,-0.7152639573863568,-0.8342933575948058,0.07449503550888874,0.3312120671061706,0.04868078666210848,-0.18836111126414032,-0.3342776580637003,-0.48973502314852074,-0.41905270460323923,0.034619507039332933,0.0129927585452153,0.014929776761152487,0.0129927585452153,,0.0129927585452153,0.06396668738373346,-0.04627394613340043,-0.1549327069514779,,-0.33696652458272175,-0.19419827017864144,,-0.052777409376518335,-0.019519459734156364,0.03817001138934922,0.03585865167698669,0.14768679191535183,0.039135392901070744,0.08813763594404891,0.12827182114461702,0.04631892897809271
q50,-0.050718446353235816,1.0,0.24437839068532394,0.1151033369222111,0.1063704446410777,0.0990749624597156,0.07413359855129326,-0.3077260690093664,-0.17729875547713858,-0.4484837745090792,0.147647843099036,0.08856648608612475,0.4940936755348421,-0.3817173457124101,-0.536001538395273,-0.5973712685509005,0.0005909775135679668,0.11907614866927994,0.2128573155947448,0.05372498803734447,0.035550627567663216,0.030880971189323057,0.147647843099036,0.13368390653064016,0.030880970705485174,0.09507527977848426,0.10665272503526832,0.5160344836505146,,,,,,,,,,-0.02070285991771644,0.16366569893203126,0.5824779161302948,0.09507527977848426,0.12037320260094746,0.16443133792917136,0.29843570893006083,0.30680018459059855,0.24164663018807578,0.03765592649397623,0.3582628890086331,-0.11001622339174756,-0.0044601694857236435,0.05867372823015254,0.09710337126540776,0.1463372011149369,0.1283152275892529,0.3971242542779021,0.4426774664070387,0.48539399965686497,0.4426774664070387,,0.4426774664070387,0.3997817670910994,0.4903706196616248,0.41662816017366955,,0.06956582009498401,0.12636285337934264,,0.5166923162562901,0.9833499891947924,0.4680931510789674,0.46015819541478925,0.40719162208700627,0.48109195252359904,0.5326848517965752,0.5111476703564899,0.4298102976650311
q90,-0.528857160936588,0.24437839068532394,1.0,0.23012857229915304,0.10312974592658285,0.004644639745213163,0.04808557893359342,-0.08893885511874525,-0.11183481972652921,-0.08062040387443589,0.6567062912927317,0.1127473576982368,0.08669837498037579,-0.014138355643176285,-0.02056706286711478,-0.021790606898351744,-9.130906629464783e-05,0.48660703576094133,0.14410076989776313,0.19914352238509295,-0.11744596425247011,0.07325804026897444,0.6567062912927317,0.2692663449034729,0.07325803977509608,0.413968614011914,0.14708979148749696,0.05296295007082616,,,,,,,,,,-0.1530913399917091,0.8617777367615137,0.3449549625496178,0.413968614011914,0.6371976826348655,0.7824000742776009,-0.2527143660917707,-0.23147317454284974,0.834048824194199,0.6641786656829541,0.27653770524324445,-0.44342937435631286,-0.05873051419878564,0.22194615177585944,0.4773221934456591,0.6443173499114256,0.5842920523123016,0.023150140495959082,0.23071025312176655,0.2379054509833183,0.23071025312176655,,0.23071025312176655,-0.0295189859297992,0.14471614766668048,0.3478053486894831,,0.3210537117353762,0.26275716301064633,,0.15093712818167548,0.1849535143839682,0.027727430612363775,0.024690034961597804,0.050388800150191475,0.028247049152053467,0.25481026911231813,0.04472850300307085,0.17603687883507482
truth,0.38644104209986274,0.1151033369222111,0.23012857229915304,1.0,0.013854298698138893,0.012014604982388549,-0.003775579500761274,-0.0029307912002618313,-0.009149378521863418,-0.012796930281103482,0.009836693041613696,0.0003376736680900227,0.01592817056658357,-0.006808627157455064,-0.006156815585717198,-0.005910331188170697,-0.000159651004886849,-0.0028677422050417964,0.035059545589140054,-0.003351399499973811,0.013891448545121357,-0.009778163920308775,0.009836693041613696,0.0022144135218082036,-0.009778163726487946,0.02018349531159419,-0.0001539565221768756,0.11054964341705058,,,,,,,,,,-0.00010630836655466175,-0.10540622344446467,0.07165145482863597,0.02018349531159419,-0.14705735073590404,-0.0411378173598246,0.04823052012035347,0.05591177337750668,0.0008800802766046242,-0.1918389102894108,0.21631490237296538,-0.0061811715312195285,0.005008101965774591,-0.001189307961037785,0.0028495939818615704,0.011381478990154573,0.005174283995212384,0.044234077069273424,0.11037499395872417,0.11991296573654271,0.11037499395872417,,0.11037499395872417,0.03028334949481953,0.05792673070619215,0.09183779641023847,,-0.04170431650862032,0.04210511580135038,,0.05075408587125078,0.10121365763216938,0.04933978844496149,0.04651494678386892,0.1044891693716881,0.05092093910014158,0.17884432876472448,0.10079093684169052,0.10257197573681241
$btc_dom,-0.0338888471281883,0.1063704446410777,0.10312974592658285,0.013854298698138893,1.0,0.2580244996737947,-0.007734197757910841,0.04009001402082047,0.059651879885141285,0.028713553048977953,0.0700851615900809,0.0033483956234423556,-0.01681945196815171,0.031248571296555637,0.037128213748872,0.04035182321003429,-0.00042027862389566593,0.19748085982764021,0.08370940713850487,0.11128235222803333,0.036389482316904476,-0.00040895219851832604,0.0700851615900809,0.002711487063786329,-0.00040895232376613556,0.04969869314919586,0.005692475234836922,0.05049362400797078,,,,,,,,,,-0.45867835966443044,0.07653090267247033,0.02185304547376423,0.04969869314919586,0.061644265569542805,0.07913083543366131,-0.05931457213054702,-0.04982550277404624,0.08490116740350576,0.04745831321033092,0.05969118145726267,-0.03296438799130393,-0.003511720701854216,-0.0007835343803298795,0.05713281640802384,0.061365533214224756,0.06034094737078701,0.01640846695849796,0.0789756738301521,0.06778250275305892,0.0789756738301521,,0.0789756738301521,0.022032746093271088,0.058587121850524226,0.0673275707983952,,0.014853389312629434,0.029654349505273413,,-0.007106708855314239,0.10046035459297002,-0.0159279557454847,-0.012164413790544802,0.025921493906047557,-0.012349095707130279,0.09009491864756086,0.035119160008202144,0.07286521187296875
$fg_index,0.023812470572003325,0.0990749624597156,0.004644639745213163,0.012014604982388549,0.2580244996737947,1.0,0.002911043185398274,0.0652639035826247,0.15148916249947506,0.03904218386372013,-0.036013669391416106,0.019882213291726264,-0.02258353096970971,0.040434036050292305,0.050298255763798684,0.05807139212806312,0.007220000386193437,0.08303111583195638,-0.04216246124837162,-0.03460256318844262,0.2779413210710148,0.0024969161149442035,-0.036013669391416106,0.012362879635379983,0.0024969161439521185,-0.04384434135527025,0.03191448588799592,0.034721957015567725,,,,,,,,,,0.1876181184271558,-0.01169858569483591,0.07561612397816063,-0.04384434135527025,-0.033426184091471065,-0.03157816878661675,0.0405210921201189,0.02786405575610926,-0.005119955145363561,-0.016133514129430065,0.02350264207011222,-0.021920593339660985,0.03833644123419486,0.006240917383950029,-0.03743867481884929,-0.029703828912421976,-0.0187759917221601,0.09081429002291415,0.05160138732716023,0.05286035388854268,0.05160138732716023,,0.05160138732716023,0.028175454379220553,0.051180514249256924,0.033820642938805795,,-0.00240095141084032,-0.020138918761544743,,0.08684010078649272,0.10065597112595841,0.07951523741863725,0.08500280259184313,0.07434525399402361,0.08541544336700399,0.05984907636412106,0.09076061599951675,0.05780469692847973
$high_vol_flag,-0.016738298115417147,0.07413359855129326,0.04808557893359342,-0.003775579500761274,-0.007734197757910841,0.002911043185398274,1.0,-0.031956847977782914,-0.021048340078995025,-0.03149759964074341,0.33927614448748705,0.7787238175207938,0.016222647326771356,0.005891907758938736,0.0029163326131329973,-0.0030572340797747006,-0.003174049174267335,-0.019346733252570476,0.016097463267661406,-0.011418739863322785,0.0003978324422648536,0.23325553166085364,0.33927614448748705,0.49998445420409315,0.23325553182970718,0.16318822281168538,0.6397486951961698,0.054977454152972574,,,,,,,,,,0.02338383591697267,0.036243691923248,0.02843449092825526,0.16318822281168538,0.01949068558436004,0.25101558704720217,-0.1547293020103245,-0.022609794698128776,0.041781983138290395,0.02135146674977019,0.03771042108178069,-0.24733961328531653,-0.07708915265384646,0.18696637600837657,0.25441023805663293,0.3473429730816241,0.31667005027980977,-0.07801782397857239,0.04809100848261437,0.03900179714101366,0.04809100848261437,,0.04809100848261437,-0.03740834242389892,0.08085137915126007,0.10876706065944151,,0.09628038123496106,0.05833935670353635,,-0.0470342365909893,0.057882842279716525,-0.1327657304333254,-0.11979816949989498,-0.045363874396109984,-0.13089454567955494,0.05181503294678575,-0.03744811422494032,0.026763503052315164
$momentum_10,0.10530160549538309,-0.3077260690093664,-0.08893885511874525,-0.0029307912002618313,0.04009001402082047,0.0652639035826247,-0.031956847977782914,1.0,0.6441037017721144,0.6969395187357348,-0.07417097833646233,-0.0338917435916393,-0.441772919509786,0.130905295383108,0.19870908623285644,0.26294886964024,-0.0017086194479307595,-0.007159552940397942,0.08357733266285221,-0.012459448659419704,0.1013945505450633,-0.024644155194312425,-0.07417097833646233,-0.03631459040247299,-0.024644154532937532,-0.11897699895969166,-0.044425690207593134,-0.10720647730826692,,,,,,,,,,4.562188905163362e-05,-0.1114717017681332,-0.15627735743748505,-0.11897699895969166,-0.1536133648703804,-0.09289789285417632,-0.06899820632160601,-0.0665834500768838,-0.12539726626602002,-0.06728557433805653,-0.10262602940054448,-0.0031493327132324006,0.015787383610786437,0.01727141544134887,-0.04399786389333271,-0.06606354491028395,-0.03285389685047267,-0.09069407835439582,-0.09219143204948445,-0.10295360397944865,-0.09219143204948445,,-0.09219143204948445,-0.062294133448005856,-0.18574752867197902,-0.1815534362429071,,-0.0006268010258513936,-0.11189396040296452,,-0.11162572274881374,-0.29154829472942406,-0.10921447817061494,-0.11614319191393833,-0.07808412529846286,-0.11332102002796635,-0.11552069273683457,-0.09992019597365466,-0.07887559838436001
$momentum_25,0.09602373977417561,-0.17729875547713858,-0.11183481972652921,-0.009149378521863418,0.059651879885141285,0.15148916249947506,-0.021048340078995025,0.6441037017721144,1.0,0.4492295258381267,-0.0987542915821503,-0.019822204362267122,-0.28277979665347586,0.09141744600238981,0.12205542214742214,0.15517073501979411,-0.0008266180565181724,-0.0072321732351905066,0.10821370005174868,-0.026884697167538035,0.2689578799457632,-0.011968098597735928,-0.0987542915821503,-0.04980266064110717,-0.011968098166470247,-0.14452166520172813,-0.04018440154461703,-0.05782423306907829,,,,,,,,,,-0.00018704387028553306,-0.1184198954759783,-0.1087660592544351,-0.14452166520172813,-0.1796959389736082,-0.11145317527092304,-0.04155222337155211,-0.037304651628596176,-0.12486560887272989,-0.08057122019156518,-0.07452357983075969,-0.0052164429632672125,0.025658279746695604,0.02015967748354265,-0.06081001667701734,-0.0842042727125342,-0.044995706991468654,-0.048483895420468166,-0.044496471957917304,-0.05029380114921176,-0.044496471957917304,,-0.044496471957917304,-0.03184143631875964,-0.09693389983831154,-0.12556972176156087,,0.007580173697377614,-0.1342133412761466,,-0.05573719101871135,-0.159177153501575,-0.06272119573377707,-0.06856044958545356,-0.034374729087371526,-0.06467575268314878,-0.06116233670730314,-0.04903280530927905,-0.027352169888020136
$momentum_5,0.07870781153961111,-0.4484837745090792,-0.08062040387443589,-0.012796930281103482,0.028713553048977953,0.03904218386372013,-0.03149759964074341,0.6969395187357348,0.4492295258381267,1.0,-0.03396330936313221,-0.026623723311757434,-0.6235081260543199,0.18642841289493292,0.30216543811755375,0.40821161429438535,-0.0038525844976661856,-0.004635851187120713,0.06296349431084446,-0.008220157929823267,0.05531907333045484,-0.053144605160470884,-0.03396330936313221,-0.012432400775539263,-0.05314460456867385,-0.055888125173708676,-0.0262624961754036,-0.1812040726793299,,,,,,,,,,-6.705299431016394e-05,-0.09103707759008366,-0.24643246185109927,-0.055888125173708676,-0.13449830762045098,-0.05706478164649654,-0.1302258507517733,-0.12869026914886042,-0.1210929157086281,-0.035135296403609066,-0.15167589844668491,-0.005485347116667735,0.010485058621232519,0.010589793877858815,-0.022862320455706457,-0.03013773228747048,-0.015235295936556698,-0.13835965062131592,-0.14894472684704765,-0.16909588451248211,-0.14894472684704765,,-0.14894472684704765,-0.09251480639465884,-0.27094593212973384,-0.2751314392889725,,-0.006288843627798695,-0.06387319123369013,,-0.20759154169488922,-0.42759537017138394,-0.19436512076064097,-0.1930775074464347,-0.13253681480036023,-0.19737342729890034,-0.1880689435542283,-0.1624266859321564,-0.13884171685711377
$realized_vol_6,-0.5005201729540851,0.147647843099036,0.6567062912927317,0.009836693041613696,0.0700851615900809,-0.036013669391416106,0.33927614448748705,-0.07417097833646233,-0.0987542915821503,-0.03396330936313221,1.0,0.4162040735305301,0.022596341987820907,0.00906548917700859,0.011717115979400493,0.011017859589388264,3.752356155230232e-05,0.3835609105422417,0.07843795666883946,0.17596870822283067,-0.1031682821083844,0.20432182961013273,1.0,0.600253142360003,0.2043218283485317,0.752159084822969,0.5076148448441257,0.013683464691046282,,,,,,,,,,-0.1214646983747865,0.6575143618345559,0.24370002511961844,0.752159084822969,0.5226295724436215,0.95629516576051,-0.3175973308365823,-0.16389772147209325,0.6129119368928082,0.5326983302904472,0.15016142267017332,-0.4862074412523454,-0.20282128110059272,0.25520895226144485,0.7336092816797052,0.9486025877548421,0.8048282995217478,-0.0974184363845345,0.14016348846075913,0.13812635629574102,0.14016348846075913,,0.14016348846075913,-0.07640328313986504,0.09005781908663894,0.35555713099534997,,0.2398662686165907,0.4170441314376697,,-0.03491152188164071,0.07382376361125745,-0.15404258015413294,-0.13888759326210395,-0.07076682799076879,-0.15219122226955664,0.13226577364775532,-0.06230412506793076,0.05321942814224666
$relative_volatility_index,-0.06362734592832846,0.08856648608612475,0.1127473576982368,0.0003376736680900227,0.0033483956234423556,0.019882213291726264,0.7787238175207938,-0.0338917435916393,-0.019822204362267122,-0.026623723311757434,0.4162040735305301,1.0,0.00911953184659519,0.00876608322754807,0.008244202254279959,0.0037957908177672197,-0.0019810256448363223,-0.00022364372886556227,0.002930403967390284,-0.011135569944681093,0.006405455934960709,0.30033907754833605,0.4162040735305302,0.6172623551308906,0.30033907771741564,0.19040644596436296,0.7678636938480898,0.03665931401080088,,,,,,,,,,0.0019946858071609465,0.09955407611773702,0.03692655223418152,0.19040644596436296,0.04721155056834579,0.3242765973271049,-0.23917212021629589,-0.09092862572812928,0.09519743472642171,0.07775710286141399,0.03860648101575707,-0.3656744948538034,-0.027245562861655647,0.23452998647602183,0.2903585612890447,0.43091618597113573,0.40120026047997986,-0.1103231766960394,0.04972912251838803,0.04315846804817063,0.04972912251838803,,0.04972912251838803,-0.0490045337513043,0.09209426558811512,0.1193609401283854,,0.14749068344461985,0.067727544226784,,-0.04779859701651216,0.07137828134437837,-0.1751137325319059,-0.15873050838244893,-0.09158709918176967,-0.17363065108287232,0.05763764172613273,-0.06852323599777337,0.025862010671875275
OPEN1,-0.0498112749586498,0.4940936755348421,0.08669837498037579,0.01592817056658357,-0.01681945196815171,-0.02258353096970971,0.016222647326771356,-0.441772919509786,-0.28277979665347586,-0.6235081260543199,0.022596341987820907,0.00911953184659519,1.0,-0.34022410288428134,-0.5760774998513603,-0.6207476617689003,-0.0026000906000275535,0.012683230965999581,-0.043226774230003255,0.007540412052005309,-0.030268998000827038,0.045727861452780134,0.022596341987820907,0.008502214545436884,0.045727859870934175,0.014567021683473628,0.01457634357145054,0.22332966902536763,,,,,,,,,,-0.0024310283334002016,0.07708180597172841,0.29902938661293466,0.014567021683473628,0.11107096084199393,0.043885216449412186,0.1635451060009745,0.16713801475518528,0.12508069463474364,0.006149592758593533,0.1935534224055546,-0.0014998024395311658,-0.009475044416583108,-0.00013533044512086716,0.01794369733568383,0.01619680410124464,0.014727223616582253,0.16239266408208455,0.19080596335920774,0.21780344238552632,0.19080596335920774,,0.19080596335920774,0.10121688076387692,0.29143320709330567,0.31550240587307304,,0.011704787414414714,-0.01564609689521001,,0.26268930222445847,0.4712570305042344,0.24153429271863905,0.23144647416656555,0.16780899715924297,0.24308549914891234,0.2353834781368817,0.201359721886075,0.17867276316425276
RSV1,-0.005499323136207214,-0.3817173457124101,-0.014138355643176285,-0.006808627157455064,0.031248571296555637,0.040434036050292305,0.005891907758938736,0.130905295383108,0.09141744600238981,0.18642841289493292,0.00906548917700859,0.00876608322754807,-0.34022410288428134,1.0,0.8108812218730754,0.6836413875329619,-0.011178143323044513,0.010182036878587982,0.02235438615106624,-0.0017202905903349924,0.027641675629311392,-0.0007457255223525667,0.009065489177008593,0.008325064473232177,-0.0007457252027850179,0.005177015129499451,0.0076416445945572025,-0.248613295624424,,,,,,,,,,-0.015881396004161878,-0.004427892871680235,-0.1768349936699809,0.005177015129499451,-0.008362734427665663,0.004277979339653377,-0.13772542645378302,-0.13789248806665882,-0.0321735880975118,0.025328519205606657,-0.11254234826611245,-0.011129430713038341,0.0067725990131891085,0.00012779143583843835,0.005770674799061026,0.008707888113186872,0.009816148792851524,-0.14438966515837998,-0.16306252276922825,-0.17438591945412318,-0.16306252276922825,,-0.16306252276922825,-0.21199335124616586,-0.16689062999738452,-0.10439647550831546,,-0.0036459466173760532,-0.007119065226544026,,-0.17755672428071495,-0.3877657876626965,-0.17243175183972576,-0.1730502633894796,-0.15270859094230496,-0.17797773225048827,-0.19693756749415142,-0.19648367062769917,-0.16423757446341047
RSV2,-0.000984979250036487,-0.536001538395273,-0.02056706286711478,-0.006156815585717198,0.037128213748872,0.050298255763798684,0.0029163326131329973,0.19870908623285644,0.12205542214742214,0.30216543811755375,0.011717115979400493,0.008244202254279959,-0.5760774998513603,0.8108812218730754,1.0,0.8962333403608349,0.007488459830134588,0.012286372267817345,0.030142050080792147,-0.0008490476480777574,0.028626342964947,-0.008410962397760124,0.011717115979400493,0.011994359077641459,-0.008410962088039006,0.006594921932065176,0.00825004512643581,-0.32753004552517934,,,,,,,,,,-0.017415610320880473,-0.010634147155564206,-0.26849023724310805,0.006594921932065176,-0.01573639900804897,0.0031801207276145526,-0.209363921622252,-0.20440907032115432,-0.04986542837810604,0.033138400856370306,-0.15852519139974794,-0.01361075825941934,0.004802004851096526,0.0033962759215438814,0.008420858831057306,0.01266802232690467,0.013069469178193653,-0.2001628481087642,-0.23038031309368612,-0.255266051662882,-0.23038031309368612,,-0.23038031309368612,-0.29061566071674416,-0.23726939340069175,-0.14621475806756257,,-0.0031463136866167977,-0.00933409314247627,,-0.2702928908785285,-0.5444990396404703,-0.26423224466281964,-0.2542457765524991,-0.20332702965369834,-0.26831615801758035,-0.277884423823796,-0.2682366396237785,-0.23119940530383337
RSV3,0.006572499649773878,-0.5973712685509005,-0.021790606898351744,-0.005910331188170697,0.04035182321003429,0.05807139212806312,-0.0030572340797747006,0.26294886964024,0.15517073501979411,0.40821161429438535,0.011017859589388264,0.0037957908177672197,-0.6207476617689003,0.6836413875329619,0.8962333403608349,1.0,0.008173059069051102,0.014209440943267706,0.036276253747556546,0.0005179807834020548,0.02871528804247262,-0.013672733717555287,0.01101785958938826,0.010919522576336462,-0.013672733382739482,0.007186435336062176,0.003817242831086977,-0.3535614153661137,,,,,,,,,,-0.017631753417942334,-0.015819009793806307,-0.30112134395662166,0.007186435336062176,-0.021819361053650507,0.0003972978005354649,-0.23385353726634708,-0.2265054494055208,-0.05674086305381831,0.03116942681552996,-0.17140726232585096,-0.014409688829141093,0.006901801565108503,0.003287926362958392,0.00635683851896594,0.011987945713372892,0.011838925057474716,-0.2219359124444587,-0.24770940785151577,-0.2769632476305299,-0.24770940785151577,,-0.24770940785151577,-0.3190099195782083,-0.2680447426900173,-0.16378230084052875,,-0.004126099899352213,-0.009351368512559554,,-0.30235636725129705,-0.6067541229444908,-0.2957540690952852,-0.28449500936434513,-0.22082978898339212,-0.3000720443266113,-0.3001617015766774,-0.2926229085045078,-0.24798732205961513
VOLUME1,-0.00031840011740933604,0.0005909775135679668,-9.130906629464783e-05,-0.000159651004886849,-0.00042027862389566593,0.007220000386193437,-0.003174049174267335,-0.0017086194479307595,-0.0008266180565181724,-0.0038525844976661856,3.752356155230232e-05,-0.0019810256448363223,-0.0026000906000275535,-0.011178143323044513,0.007488459830134588,0.008173059069051102,1.0,0.003955869992549433,0.0027593064930830384,0.0011650353438253016,0.004736759598357679,-0.0015083529102062148,3.7523561552302264e-05,-0.0033846370917333876,-0.0015083529068329854,-0.0005216849202823925,-0.001314267029078464,-0.0003720960978555949,,,,,,,,,,0.0023492502802799258,0.00014048723588860982,-0.003840789902309807,-0.0005216849202823925,-0.0006285069483319954,-0.00011345931471121732,-0.004636913553690528,-0.004076125802498282,9.168454211854481e-05,0.0001415327260586834,-1.225005966431473e-05,-0.0039367216176125625,0.002451765762216222,0.0030107037024690217,-0.0020044687446085607,0.0009732213425037396,0.00031304479576666817,-0.0020201109502798425,-7.417240930797904e-05,0.0005893584511314667,-7.417240930797904e-05,,-7.417240930797904e-05,-0.0006566927837498706,0.0031950945456176633,-0.0008186374939572331,,0.0024649395879304645,-0.0003008660458891779,,-0.003569715446322571,0.0007576315548026729,-0.004977588836455765,-0.003825183601398257,-0.002039509884236331,-0.004599050848010862,0.0003267263701869395,-0.001529412969185162,5.461387704557016e-05
btc_std_7d,-0.39863625822272847,0.11907614866927994,0.48660703576094133,-0.0028677422050417964,0.19748085982764021,0.08303111583195638,-0.019346733252570476,-0.007159552940397942,-0.0072321732351905066,-0.004635851187120713,0.3835609105422417,-0.00022364372886556227,0.012683230965999581,0.010182036878587982,0.012286372267817345,0.014209440943267706,0.003955869992549433,1.0,0.03613998934415639,0.18772243973339806,0.005890098589799103,-0.0005498704995122954,0.3835609105422416,0.06553092832697073,-0.0005498711277042984,0.2671512063318543,0.006217488507083797,0.021625467322239314,,,,,,,,,,-0.293341978727504,0.503798453668869,0.2265776902251183,0.2671512063318543,0.39947679095482846,0.46074670688005465,-0.08922601514107695,-0.07198377975033464,0.4672424225108937,0.4104399037940305,0.10880616836518342,-0.23091136978092358,-0.05885460997113663,0.12494656814030791,0.2822325762440851,0.3785382626437477,0.33055744201394993,0.05874280174917706,0.1264530584656652,0.12485576211277441,0.1264530584656652,,0.1264530584656652,-0.005538903419090195,0.06483750702925986,0.16021112015359926,,0.19713809148630873,0.15544771709335223,,0.12225812603445647,0.0922375700912932,0.056050719917186506,0.057919275654779744,0.052391492983530796,0.05944235842815712,0.12031492493454218,0.0573750087029426,0.09784553353645552
btc_zscore_14d,0.0011071792413970198,0.2128573155947448,0.14410076989776313,0.035059545589140054,0.08370940713850487,-0.04216246124837162,0.016097463267661406,0.08357733266285221,0.10821370005174868,0.06296349431084446,0.07843795666883946,0.002930403967390284,-0.043226774230003255,0.02235438615106624,0.030142050080792147,0.036276253747556546,0.0027593064930830384,0.03613998934415639,1.0,0.06885937761815598,0.0615531071805813,0.000779047012878971,0.07843795666883946,0.082760540729569,0.0007790470772433446,0.03277551801299809,0.018904750572384207,0.11751688485810487,,,,,,,,,,0.0408433371789486,0.0779700657443235,0.09921720282181845,0.03277551801299809,0.027199470225034175,0.08459862020022835,0.010959387859412065,0.013823335302979939,0.10963763730434481,0.02308250410087385,0.1252213940825144,-0.05460499184763299,-0.006464764115310041,0.022507780387927397,0.06395635957742336,0.07285997908715766,0.07599428453041643,0.09018403185351678,0.15190041669306484,0.1504689000340696,0.15190041669306484,,0.15190041669306484,0.09684196767057537,0.10154741577895754,0.08717360314048252,,0.019303527055587067,0.017728482552885925,,0.07738211237398473,0.20969303326533828,0.06369482582471778,0.06926417533730111,0.11310961097304213,0.0703130045438496,0.17927843442143215,0.12421113689865199,0.14643231437008677
fg_std_7d,-0.19417170085378532,0.05372498803734447,0.19914352238509295,-0.003351399499973811,0.11128235222803333,-0.03460256318844262,-0.011418739863322785,-0.012459448659419704,-0.026884697167538035,-0.008220157929823267,0.17596870822283067,-0.011135569944681093,0.007540412052005309,-0.0017202905903349924,-0.0008490476480777574,0.0005179807834020548,0.0011650353438253016,0.18772243973339806,0.06885937761815598,1.0,-0.10690483364296584,-0.004773269595208155,0.17596870822283073,0.05365622010260871,-0.004773269804796604,0.08025008175358286,-0.01281649545513758,-0.010088010125196578,,,,,,,,,,-0.15658523026210994,0.22472623690437618,0.15545276856755597,0.08025008175358286,0.12042586080998924,0.20811717402189542,-0.04946985939957544,-0.04241237518822594,0.20638606444950436,0.18497780101982012,0.04232890727210009,-0.1731823104038515,0.012413591157571513,0.08900523317750797,0.12559466621628504,0.18559298472602836,0.18070063151486618,0.06530998443166808,0.053230771072043284,0.059357187552504125,0.053230771072043284,,0.053230771072043284,-0.01047329673188902,0.04431917575447466,0.05649479465681216,,0.11323084912099529,0.038640767046916956,,0.12547833254323554,0.0489343812481242,0.0665473645197219,0.06531632662203131,0.029504119938851412,0.0693258573249963,0.0422969785638637,0.04181593993042857,0.04581501078628778
fg_zscore_14d,0.118215161316833,0.035550627567663216,-0.11744596425247011,0.013891448545121357,0.036389482316904476,0.2779413210710148,0.0003978324422648536,0.1013945505450633,0.2689578799457632,0.05531907333045484,-0.1031682821083844,0.006405455934960709,-0.030268998000827038,0.027641675629311392,0.028626342964947,0.02871528804247262,0.004736759598357679,0.005890098589799103,0.0615531071805813,-0.10690483364296584,1.0,0.002813938786837988,-0.10316828210838443,-0.034546450255069104,0.002813938774496026,-0.06837254519951763,0.005235480278873633,0.04635822342493371,,,,,,,,,,-0.007888360646854798,-0.13474585853844928,-0.02181496657370948,-0.06837254519951763,-0.1098638411413827,-0.1214105694371386,0.037921027513851915,0.04685755774452604,-0.10828198954694179,-0.12770791518293922,0.014874604250641263,0.017505066046172933,0.06681410787831912,-0.029183079681350976,-0.09693277385561688,-0.09670513319173624,-0.0840435565838798,0.02955056930815432,0.02895121849533991,0.029643358392419553,0.02895121849533991,,0.02895121849533991,0.02560872509820526,0.006726320897292649,-0.025929424013456805,,-0.05809653138506509,-0.034199157535560444,,0.014074228974784003,0.04281944769884935,0.025108711700321487,0.025308647236088205,0.048483698337563066,0.026986576932603267,0.03288331608558195,0.05547115416366245,0.03837047672302962
vol_momentum_scaled,-0.058171181494212666,0.030880971189323057,0.07325804026897444,-0.009778163920308775,-0.00040895219851832604,0.0024969161149442035,0.23325553166085364,-0.024644155194312425,-0.011968098597735928,-0.053144605160470884,0.20432182961013273,0.30033907754833605,0.045727861452780134,-0.0007457255223525667,-0.008410962397760124,-0.013672733717555287,-0.0015083529102062148,-0.0005498704995122954,0.000779047012878971,-0.004773269595208155,0.002813938786837988,1.0,0.20432182961013273,0.18977973808615603,1.0000000000000009,0.161727655853951,0.28628097476366215,0.013157465869164619,,,,,,,,,,2.6685455716046076e-05,0.07474461369908354,0.07617595992750048,0.161727655853951,0.08912310564849167,0.1730531993718649,-0.05154197959115779,-0.016701396837949085,0.07071248704354977,0.059730949691689246,0.024640964394455834,-0.07616550229398542,-0.05763995962243093,0.04222239595475309,0.15417089714697493,0.18894646539506282,0.15672670366958433,-0.024982656117050604,0.022450435072229533,0.031165675226695826,0.022450435072229533,,0.022450435072229533,-0.019748688547218212,0.027476034871335098,0.08557508298357978,,0.016267200021033597,0.09583187477853698,,0.00565600133086778,0.013579527058697907,-0.01897134748855433,-0.020418190805259546,-0.015340724331513941,-0.02064896713985506,0.024842190323504442,-0.0101109831711229,0.0017175363944630458
vol_raw,-0.5005201729540851,0.147647843099036,0.6567062912927317,0.009836693041613696,0.0700851615900809,-0.036013669391416106,0.33927614448748705,-0.07417097833646233,-0.0987542915821503,-0.03396330936313221,1.0,0.4162040735305302,0.022596341987820907,0.009065489177008593,0.011717115979400493,0.01101785958938826,3.7523561552302264e-05,0.3835609105422416,0.07843795666883946,0.17596870822283073,-0.10316828210838443,0.20432182961013273,1.0,0.600253142360003,0.2043218283485317,0.752159084822969,0.5076148448441257,0.013683464691046282,,,,,,,,,,-0.1214646983747865,0.6575143618345559,0.24370002511961844,0.752159084822969,0.5226295724436215,0.95629516576051,-0.3175973308365823,-0.16389772147209325,0.6129119368928082,0.5326983302904472,0.15016142267017332,-0.4862074412523454,-0.20282128110059272,0.25520895226144485,0.7336092816797052,0.9486025877548421,0.8048282995217478,-0.0974184363845345,0.14016348846075913,0.13812635629574102,0.14016348846075913,,0.14016348846075913,-0.07640328313986504,0.09005781908663894,0.35555713099534997,,0.2398662686165907,0.4170441314376697,,-0.03491152188164071,0.07382376361125745,-0.15404258015413294,-0.13888759326210395,-0.07076682799076879,-0.15219122226955664,0.13226577364775532,-0.06230412506793076,0.05321942814224666
vol_raw_decile,-0.15868624808586668,0.13368390653064016,0.2692663449034729,0.0022144135218082036,0.002711487063786329,0.012362879635379983,0.49998445420409315,-0.03631459040247299,-0.04980266064110717,-0.012432400775539263,0.600253142360003,0.6172623551308906,0.008502214545436884,0.008325064473232177,0.011994359077641459,0.010919522576336462,-0.0033846370917333876,0.06553092832697073,0.082760540729569,0.05365622010260871,-0.034546450255069104,0.18977973808615603,0.600253142360003,1.0,0.18977973795365322,0.25537242992523723,0.7576623235304408,0.07028735943765152,,,,,,,,,,0.0049639504203067815,0.24178020087301133,0.1374086897829132,0.25537242992523723,0.1530183015402442,0.49941645971887716,-0.2767036242415446,-0.06364540155933573,0.23864385646370787,0.18202498533476347,0.09823525786407618,-0.5679720463247179,-0.014039415395592777,0.3598995934185733,0.41064731863411663,0.6290557989614325,0.5916489986304458,-0.11202222741014282,0.1196077201453067,0.1157787873164817,0.1196077201453067,,0.1196077201453067,-0.0805757396884358,0.14025057513767888,0.17623439568746804,,0.25759038263194595,0.0945186545983459,,0.018727114288938723,0.10967854429109211,-0.17127878106438518,-0.15503884953269959,-0.05755244173835239,-0.17042324983385576,0.12767665416835605,-0.04885989358144561,0.08934744527660944
vol_raw_momentum,-0.05817118039302135,0.030880970705485174,0.07325803977509608,-0.009778163726487946,-0.00040895232376613556,0.0024969161439521185,0.23325553182970718,-0.024644154532937532,-0.011968098166470247,-0.05314460456867385,0.2043218283485317,0.30033907771741564,0.045727859870934175,-0.0007457252027850179,-0.008410962088039006,-0.013672733382739482,-0.0015083529068329854,-0.0005498711277042984,0.0007790470772433446,-0.004773269804796604,0.002813938774496026,1.0000000000000009,0.2043218283485317,0.18977973795365322,1.0,0.16172765434281772,0.2862809749332344,0.013157465763354189,,,,,,,,,,2.6685703687480057e-05,0.07474461277139005,0.07617595940072822,0.16172765434281772,0.08912310406676144,0.17305319808285916,-0.051541979617832426,-0.01670139697675835,0.07071248606522043,0.05973094907062737,0.02464096399825303,-0.07616550221095475,-0.05763995960805088,0.04222239626331098,0.15417089658525593,0.1889464645483841,0.15672670319133583,-0.024982656325639743,0.022450434870175187,0.031165675057778706,0.022450434870175187,,0.022450434870175187,-0.0197486885835205,0.027476035089728765,0.08557508214626136,,0.01626720018751529,0.09583187461885836,,0.005656001360022765,0.013579526736729429,-0.018971347711417893,-0.020418191017600045,-0.015340724525826833,-0.02064896738796307,0.02484219015757784,-0.010110983343824867,0.0017175363311790952
vol_risk,-0.3397304768764447,0.09507527977848426,0.413968614011914,0.02018349531159419,0.04969869314919586,-0.04384434135527025,0.16318822281168538,-0.11897699895969166,-0.14452166520172813,-0.055888125173708676,0.752159084822969,0.19040644596436296,0.014567021683473628,0.005177015129499451,0.006594921932065176,0.007186435336062176,-0.0005216849202823925,0.2671512063318543,0.03277551801299809,0.08025008175358286,-0.06837254519951763,0.161727655853951,0.752159084822969,0.25537242992523723,0.16172765434281772,1.0,0.22543431341985878,0.0066004759100579185,,,,,,,,,,-0.06842675215391451,0.4289528684711595,0.14608850044130373,1.0,0.5068956783264006,0.7074810385601084,-0.13268155568332773,-0.06780263970373289,0.40931582072834977,0.3373888024086719,0.1152795898273023,-0.1540222513878428,-0.1327575989270101,0.027186694069490154,0.4158093322905756,0.6963899665207924,0.3981782064082973,-0.04476462246981249,0.0644002012655738,0.06222145161853323,0.0644002012655738,,0.0644002012655738,-0.025318152313756188,0.010866012909182063,0.2657931944255722,,0.027802330637761642,0.7723113052572925,,-0.07977023786177855,0.019304891076499853,-0.07984602561692891,-0.06703732516554183,-0.03223193361445744,-0.07733975696999941,0.057811150638272954,-0.0314673057823032,-0.012407332698666543
vol_scaled,-0.08700720044165432,0.10665272503526832,0.14708979148749696,-0.0001539565221768756,0.005692475234836922,0.03191448588799592,0.6397486951961698,-0.044425690207593134,-0.04018440154461703,-0.0262624961754036,0.5076148448441257,0.7678636938480898,0.01457634357145054,0.0076416445945572025,0.00825004512643581,0.003817242831086977,-0.001314267029078464,0.006217488507083797,0.018904750572384207,-0.01281649545513758,0.005235480278873633,0.28628097476366215,0.5076148448441257,0.7576623235304408,0.2862809749332344,0.22543431341985878,1.0,0.055345916325195525,,,,,,,,,,0.011852897895937152,0.13226825910490225,0.07713954349789987,0.22543431341985876,0.07341909918550622,0.39876956905751604,-0.2532107338342567,-0.06491474499191309,0.12963970572861477,0.10059064150218539,0.05788538406853095,-0.4353542364673545,-0.05869330589012816,0.29956184060440844,0.3614392109441114,0.5282752458788501,0.4899500583711189,-0.12000444004193847,0.0653733145527591,0.061581485257289584,0.0653733145527591,,0.0653733145527591,-0.06295296067573407,0.11261802838571507,0.15521694696460017,,0.18716048074397804,0.0827543754015371,,-0.029609750039521848,0.0848817704946676,-0.18216703456777542,-0.165156488214675,-0.08247685172930228,-0.18129386745760295,0.06973243808057321,-0.06818722634120876,0.037578825043808876
prob_up,0.17930769107372163,0.5160344836505146,0.05296295007082616,0.11054964341705058,0.05049362400797078,0.034721957015567725,0.054977454152972574,-0.10720647730826692,-0.05782423306907829,-0.1812040726793299,0.013683464691046282,0.03665931401080088,0.22332966902536763,-0.248613295624424,-0.32753004552517934,-0.3535614153661137,-0.0003720960978555949,0.021625467322239314,0.11751688485810487,-0.010088010125196578,0.04635822342493371,0.013157465869164619,0.013683464691046282,0.07028735943765152,0.013157465763354189,0.0066004759100579185,0.055345916325195525,1.0,,,,,,,,,,0.0014094142201004562,-0.07827422110918106,0.27163007040620557,0.0066004759100579185,-0.03270588207908256,-0.016970119017288652,0.2917563065739915,0.40851186871374523,0.0328160536231065,-0.15844483879893023,0.3361383808698575,-0.0012686419071299927,-0.013370504175183144,0.002441296445158946,0.020516197652023463,0.015162142924785115,0.016625714693735406,0.22753761253083818,0.3519024925765675,0.36525310118482224,0.3519024925765675,,0.3519024925765675,0.38137134023624536,0.1951606347136791,0.13033342579838764,,-0.02028480830611043,0.019731581644929733,,0.26723591840545813,0.5251170657477816,0.2683792052519162,0.25375631191611503,0.4675984237639609,0.2745793636994857,0.408437720576078,0.4523489794511932,0.352362242440191
vol_regime_low,,,,,,,,,,,,,,,,,,,,,,,,,,,,,,,,,,,,,,,,,,,,,,,,,,,,,,,,,,,,,,,,,,,,,,,,,,,,
vol_regime_medium,,,,,,,,,,,,,,,,,,,,,,,,,,,,,,,,,,,,,,,,,,,,,,,,,,,,,,,,,,,,,,,,,,,,,,,,,,,,
vol_regime_high,,,,,,,,,,,,,,,,,,,,,,,,,,,,,,,,,,,,,,,,,,,,,,,,,,,,,,,,,,,,,,,,,,,,,,,,,,,,
momentum_regime_trending,,,,,,,,,,,,,,,,,,,,,,,,,,,,,,,,,,,,,,,,,,,,,,,,,,,,,,,,,,,,,,,,,,,,,,,,,,,,
momentum_regime_ranging,,,,,,,,,,,,,,,,,,,,,,,,,,,,,,,,,,,,,,,,,,,,,,,,,,,,,,,,,,,,,,,,,,,,,,,,,,,,
regime_low_vol_trending,,,,,,,,,,,,,,,,,,,,,,,,,,,,,,,,,,,,,,,,,,,,,,,,,,,,,,,,,,,,,,,,,,,,,,,,,,,,
regime_low_vol_ranging,,,,,,,,,,,,,,,,,,,,,,,,,,,,,,,,,,,,,,,,,,,,,,,,,,,,,,,,,,,,,,,,,,,,,,,,,,,,
regime_high_vol_trending,,,,,,,,,,,,,,,,,,,,,,,,,,,,,,,,,,,,,,,,,,,,,,,,,,,,,,,,,,,,,,,,,,,,,,,,,,,,
regime_high_vol_ranging,,,,,,,,,,,,,,,,,,,,,,,,,,,,,,,,,,,,,,,,,,,,,,,,,,,,,,,,,,,,,,,,,,,,,,,,,,,,
