,q10,q50,q90,truth,$btc_dom,$fg_index,$high_vol_flag,$momentum_10,$momentum_25,$momentum_5,$realized_vol_6,$relative_volatility_index,OPEN1,RSV1,RSV2,RSV3,VOLUME1,btc_std_7d,btc_zscore_14d,fg_std_7d,fg_zscore_14d,vol_momentum_scaled,vol_raw,vol_raw_decile,vol_raw_momentum,vol_risk,vol_scaled,prob_up,vol_regime_low,vol_regime_medium,vol_regime_high,momentum_regime_trending,momentum_regime_ranging,regime_low_vol_trending,regime_low_vol_ranging,regime_high_vol_trending,regime_high_vol_ranging,regime_stability,spread,abs_q50,market_variance,prediction_variance,total_risk,enhanced_info_ratio,info_ratio,potential_gain,potential_loss,expected_value,variance_regime_low,variance_regime_medium,variance_regime_high,variance_regime_extreme,signal_thresh_adaptive,effective_info_ratio_threshold,economically_significant_traditional,economically_significant_expected_value,economically_significant_combined,economically_significant,high_quality,tradeable,q50_x_low_variance,q50_x_high_variance,q50_x_extreme_variance,q50_x_trending,spread_x_high_variance,vol_risk_x_abs_q50,enhanced_info_ratio_x_trending,signal_to_variance_ratio,variance_adjusted_signal,signal_rel,signal_tier,kelly_position_size,signal_tanh,side,signal_strength,position_size_suggestion
q10,1.0,0.046154356340182195,-0.5397654947390627,0.3685858789681464,-0.039008318195964675,0.011069861749496248,-0.009269661055132054,0.07816388732267317,0.06729732623784088,0.06359121211161345,-0.4931886714050863,-0.04481401475599508,-0.0455865782250636,-0.004619997148980441,0.0001283256238607033,0.007126688094767311,0.0009014990745497303,-0.39537457943462595,0.0024780407971998807,-0.17630034202589953,0.10829400354428412,-0.039639341820771036,-0.4931886714050863,-0.15682108918437943,-0.03963934081448072,-0.33185129263098767,-0.07689354203737334,0.21113043283133953,,,,,,,,,,0.11860449390836013,-0.8875635860767712,-0.21638819821679325,-0.33185129263098767,-0.785473462626592,-0.6937791837571488,0.2194475803941678,0.2428228381357545,-0.757067585668231,-0.8030410523708813,-0.029237421889031518,0.33747570931317195,0.04179115170798526,-0.19432778986309443,-0.32463948503578655,-0.48521097849647626,-0.4145150484170935,-0.02031560219501482,0.00024545404870146754,-0.012696180849668242,0.00024545404870146754,,0.00024545404870146754,0.060985887462410494,-0.0008258559505936778,-0.0025223851096113927,,-0.34224505279116263,-0.24242868671984538,,-0.10050429502984523,0.04558171380612584,-0.02593773667186535,-0.03030059509670025,0.1182503201754191,-0.028457807579869376,0.08035301581887462,0.08035686679970773,0.03803765262498743
q50,0.046154356340182195,1.0,0.22465957800835684,0.221803641895658,0.08414212200223074,0.11148745479630937,0.06188700559794985,-0.23931995521437371,-0.1302262216721479,-0.3705906107694101,0.0968265306659844,0.09049851757936779,0.4245331212943385,-0.30860680955581954,-0.43252303832600686,-0.48521177046047465,-0.0002525890274417289,0.06974239725788013,0.19284191173994292,0.025312426438684803,0.039497473717126905,0.014667563859758379,0.0968265306659844,0.1162714537966208,0.014667563604377175,0.03838119735538707,0.10158086671411601,0.618090332196036,,,,,,,,,,-0.000904184865721501,0.09561392474674515,0.3988070668969647,0.03838119735538707,0.05059992888719191,0.10285709368562031,0.22816484895427827,0.2554432054562629,0.19454015643121708,-0.04397415049085718,0.4565261997690042,-0.09021742603320704,0.005336968576404487,0.04003896646081394,0.07570842390978956,0.09862824965356416,0.10216231167370889,0.2731465639446728,0.4746515629892874,0.5048941808431195,0.4746515629892874,,0.4746515629892874,0.36188394406371094,0.5033051289723535,0.5028733381328532,,0.04422745270043417,0.08732008545421745,,0.3560407358940758,0.9786121397499846,0.3229045207560359,0.272753828608067,0.4292231362609752,0.31790009696434746,0.5516190041030029,0.5385283673341648,0.4627186459493217
q90,-0.5397654947390627,0.22465957800835684,1.0,0.17901201608940162,0.11419887512533844,0.01731995835075739,0.025394221678721934,-0.0862638100389214,-0.10726315720860485,-0.0755303071584748,0.6491847258175205,0.07933556174931929,0.07450784976846021,-0.009944516684479524,-0.00830955707673758,-0.006699709032545293,0.00015157869073161462,0.497944125085649,0.15511959371803646,0.21554015420076444,-0.11760144141514638,0.030499231725809317,0.6491847258175205,0.24523052093522635,0.030499231149572884,0.4077570765906562,0.11320989872072287,0.08106203658274033,,,,,,,,,,-0.1587039408570049,0.8668881306577384,0.40514818231404554,0.4077570765906562,0.6247652709500737,0.7807790716276146,-0.15524261482290244,-0.13557681387399945,0.8226767655074114,0.6911069535815106,0.32398538489004985,-0.4431320836026216,-0.06278095620087656,0.23108735847695264,0.47129400664667787,0.6416087783640589,0.5794429968509002,0.10331728035194479,0.23183394929413284,0.24120177607616705,0.23183394929413284,,0.23183394929413284,-0.004928857146949862,0.12871187238589787,0.2529954441630518,,0.33028779396489294,0.3273329183833504,,0.2273635292719924,0.18589202860067278,0.1285605355850681,0.10945303788236155,0.12157380662775863,0.12590602272951998,0.24589050450133548,0.11306370759704747,0.17855804239140546
truth,0.3685858789681464,0.221803641895658,0.17901201608940162,1.0,0.013854298698138893,0.012014604982388549,-0.003775579500761274,-0.0029307912002618313,-0.009149378521863418,-0.012796930281103482,0.009836693041613696,0.0003376736680900227,0.01592817056658357,-0.006808627157455064,-0.006156815585717198,-0.005910331188170697,-0.000159651004886849,-0.0028677422050417964,0.035059545589140054,-0.003351399499973811,0.013891448545121357,-0.009778163920308775,0.009836693041613696,0.0022144135218082036,-0.009778163726487946,0.02018349531159419,-0.0001539565221768756,0.1670216081079709,,,,,,,,,,-0.00010630836655466175,-0.12030294414734874,0.08168947539222472,0.02018349531159419,-0.15940921409423017,-0.04916616774103498,0.0674003481772847,0.07479866082429486,-0.0398982809544341,-0.1825050681880612,0.19271649241537947,-0.0061811715312195285,0.005008101965774591,-0.001189307961037785,0.0028495939818615704,0.011381478990154573,0.005174283995212384,0.05394583482201204,0.12688680751588247,0.13054325191615673,0.12688680751588247,,0.12688680751588247,0.05205867679915253,0.11457444603406627,0.16723588695915886,,-0.046444540266859624,0.0457684299170951,,0.06844875896255084,0.19922068467186446,0.06539208573479328,0.05023358425064859,0.1268594498571114,0.06158696177327564,0.19538406859192786,0.13016147388452814,0.1208562033829442
$btc_dom,-0.039008318195964675,0.08414212200223074,0.11419887512533844,0.013854298698138893,1.0,0.2580244996737947,-0.007734197757910841,0.04009001402082047,0.059651879885141285,0.028713553048977953,0.0700851615900809,0.0033483956234423556,-0.01681945196815171,0.031248571296555637,0.037128213748872,0.04035182321003429,-0.00042027862389566593,0.19748085982764021,0.08370940713850487,0.11128235222803333,0.036389482316904476,-0.00040895219851832604,0.0700851615900809,0.002711487063786329,-0.00040895232376613556,0.04969869314919586,0.005692475234836922,0.04353976146283582,,,,,,,,,,-0.45867835966443044,0.08559535238741371,0.05751649701789798,0.04969869314919586,0.06697509554860628,0.08310434114983695,-0.026787239813492125,-0.02055973850335617,0.0910965440823274,0.056447172763087465,0.06545033205914647,-0.03296438799130393,-0.003511720701854216,-0.0007835343803298795,0.05713281640802384,0.061365533214224756,0.06034094737078701,0.018872932544101443,0.06106725296333179,0.05523961940420091,0.06106725296333179,,0.06106725296333179,0.011584741483705106,0.049860403525028074,0.055691322547263986,,0.017468586857477656,0.04417408631189354,,0.030114962227397013,0.07970149461698366,0.02262969017223799,0.006295198691271698,0.03992537453532154,0.017973351993389588,0.0704508259515063,0.05054031779646954,0.05405338290564134
$fg_index,0.011069861749496248,0.11148745479630937,0.01731995835075739,0.012014604982388549,0.2580244996737947,1.0,0.002911043185398274,0.0652639035826247,0.15148916249947506,0.03904218386372013,-0.036013669391416106,0.019882213291726264,-0.02258353096970971,0.040434036050292305,0.050298255763798684,0.05807139212806312,0.007220000386193437,0.08303111583195638,-0.04216246124837162,-0.03460256318844262,0.2779413210710148,0.0024969161149442035,-0.036013669391416106,0.012362879635379983,0.0024969161439521185,-0.04384434135527025,0.03191448588799592,0.048988074534839304,,,,,,,,,,0.1876181184271558,0.0029230786728021334,0.08467220380051169,-0.04384434135527025,-0.022476776564509245,-0.025876365115833976,0.05953000810634882,0.04061725812255959,0.002830468059211173,0.0019400908991138626,0.02169939614950267,-0.021920593339660985,0.03833644123419486,0.006240917383950029,-0.03743867481884929,-0.029703828912421976,-0.0187759917221601,0.0911515450817559,0.053724442337658496,0.06279575123358751,0.053724442337658496,,0.053724442337658496,0.03850648689789366,0.05290065931091966,0.044955538619134955,,-0.00028949709693778413,-0.021225463811992085,,0.10165414457345767,0.11204767511447523,0.09617929348048536,0.0881096250860748,0.06826663440763167,0.09796038650852903,0.06594468898284309,0.09107490183898165,0.059943114672621305
$high_vol_flag,-0.009269661055132054,0.06188700559794985,0.025394221678721934,-0.003775579500761274,-0.007734197757910841,0.002911043185398274,1.0,-0.031956847977782914,-0.021048340078995025,-0.03149759964074341,0.33927614448748705,0.7787238175207938,0.016222647326771356,0.005891907758938736,0.0029163326131329973,-0.0030572340797747006,-0.003174049174267335,-0.019346733252570476,0.016097463267661406,-0.011418739863322785,0.0003978324422648536,0.23325553166085364,0.33927614448748705,0.49998445420409315,0.23325553182970718,0.16318822281168538,0.6397486951961698,0.07330888128882898,,,,,,,,,,0.02338383591697267,0.01938630923333938,0.041383664910292044,0.16318822281168538,0.012749234227867164,0.2435479799711432,-0.13019310316906096,0.027320092322041654,0.029616372870797512,0.004403034620597725,0.045680151611921606,-0.24733961328531653,-0.07708915265384646,0.18696637600837657,0.25441023805663293,0.3473429730816241,0.31667005027980977,-0.09040036135635224,0.03708522658169748,0.035759912004012975,0.03708522658169748,,0.03708522658169748,-0.021288288711180166,0.05639930821577873,0.06627622925179438,,0.09393382705160584,0.09213156872457627,,-0.040180122751406415,0.05386569140059296,-0.10827892828655201,-0.10369910715289546,-0.011230848363756723,-0.10948976950467992,0.03297798831752378,-0.03044320932087603,0.015463936128187507
$momentum_10,0.07816388732267317,-0.23931995521437371,-0.0862638100389214,-0.0029307912002618313,0.04009001402082047,0.0652639035826247,-0.031956847977782914,1.0,0.6441037017721144,0.6969395187357348,-0.07417097833646233,-0.0338917435916393,-0.441772919509786,0.130905295383108,0.19870908623285644,0.26294886964024,-0.0017086194479307595,-0.007159552940397942,0.08357733266285221,-0.012459448659419704,0.1013945505450633,-0.024644155194312425,-0.07417097833646233,-0.03631459040247299,-0.024644154532937532,-0.11897699895969166,-0.044425690207593134,-0.13155819610191272,,,,,,,,,,4.562188905163362e-05,-0.09349481100837598,-0.07252851710136772,-0.11897699895969166,-0.139495295351598,-0.08798444647782663,-0.036708778588645734,-0.034142063086366754,-0.11304404483763811,-0.046471867608189305,-0.1281691499965152,-0.0031493327132324006,0.015787383610786437,0.01727141544134887,-0.04399786389333271,-0.06606354491028395,-0.03285389685047267,-0.040621350254612935,-0.10324465073582752,-0.10610560511739543,-0.10324465073582752,,-0.10324465073582752,-0.058163948351942094,-0.15113650120257033,-0.09958412246986816,,0.0028468333507625015,-0.11750044614243403,,-0.04804749312736649,-0.23927204328750595,-0.05034017208467329,-0.044128386076247084,-0.0604023657604841,-0.0491986731584716,-0.11756840446222759,-0.08865446707026625,-0.09343862489029194
$momentum_25,0.06729732623784088,-0.1302262216721479,-0.10726315720860485,-0.009149378521863418,0.059651879885141285,0.15148916249947506,-0.021048340078995025,0.6441037017721144,1.0,0.4492295258381267,-0.0987542915821503,-0.019822204362267122,-0.28277979665347586,0.09141744600238981,0.12205542214742214,0.15517073501979411,-0.0008266180565181724,-0.0072321732351905066,0.10821370005174868,-0.026884697167538035,0.2689578799457632,-0.011968098597735928,-0.0987542915821503,-0.04980266064110717,-0.011968098166470247,-0.14452166520172813,-0.04018440154461703,-0.08494103358956101,,,,,,,,,,-0.00018704387028553306,-0.09855183254284297,-0.05591792630475248,-0.14452166520172813,-0.16740075620033676,-0.10532392111302816,-0.021712439676859846,-0.020752533472049032,-0.11452893838784894,-0.0547921956608747,-0.10432919268814124,-0.0052164429632672125,0.025658279746695604,0.02015967748354265,-0.06081001667701734,-0.0842042727125342,-0.044995706991468654,-0.019418275443976684,-0.0573667302849044,-0.05905794569101217,-0.0573667302849044,,-0.0573667302849044,-0.03516460437973441,-0.08279153293651659,-0.0407597078777354,,0.011614090798224648,-0.1368713372607369,,-0.01619097949355866,-0.1320455551474656,-0.02540179482045201,-0.02658278685146121,-0.03166568941333984,-0.025320865420671735,-0.06973043071985925,-0.03985249330409833,-0.04250792041395423
$momentum_5,0.06359121211161345,-0.3705906107694101,-0.0755303071584748,-0.012796930281103482,0.028713553048977953,0.03904218386372013,-0.03149759964074341,0.6969395187357348,0.4492295258381267,1.0,-0.03396330936313221,-0.026623723311757434,-0.6235081260543199,0.18642841289493292,0.30216543811755375,0.40821161429438535,-0.0038525844976661856,-0.004635851187120713,0.06296349431084446,-0.008220157929823267,0.05531907333045484,-0.053144605160470884,-0.03396330936313221,-0.012432400775539263,-0.05314460456867385,-0.055888125173708676,-0.0262624961754036,-0.19801095423306003,,,,,,,,,,-6.705299431016394e-05,-0.07899129372771445,-0.13732789537719345,-0.055888125173708676,-0.12553959008427062,-0.05457749157530045,-0.0797762457902243,-0.07820530234482859,-0.1164342008195243,-0.014740287529843481,-0.1859648350977594,-0.005485347116667735,0.010485058621232519,0.010589793877858815,-0.022862320455706457,-0.03013773228747048,-0.015235295936556698,-0.09392725652567714,-0.15028754072568656,-0.16350446914595954,-0.15028754072568656,,-0.15028754072568656,-0.08477128690288453,-0.23257462933761536,-0.18822469190465918,,-0.003765197846046362,-0.08620885029575258,,-0.11484604110413124,-0.36647426912572834,-0.10998155366979478,-0.10024134381133688,-0.11905542478691537,-0.11003400705326856,-0.17406586466944374,-0.149598538079945,-0.14425281644985935
$realized_vol_6,-0.4931886714050863,0.0968265306659844,0.6491847258175205,0.009836693041613696,0.0700851615900809,-0.036013669391416106,0.33927614448748705,-0.07417097833646233,-0.0987542915821503,-0.03396330936313221,1.0,0.4162040735305301,0.022596341987820907,0.00906548917700859,0.011717115979400493,0.011017859589388264,3.752356155230232e-05,0.3835609105422417,0.07843795666883946,0.17596870822283067,-0.1031682821083844,0.20432182961013273,1.0,0.600253142360003,0.2043218283485317,0.752159084822969,0.5076148448441257,0.0327008680039794,,,,,,,,,,-0.1214646983747865,0.647322079789898,0.3195215421382663,0.752159084822969,0.5027113791670964,0.9543690266505167,-0.23938577948199638,-0.05672914031449805,0.6078952094130631,0.5251016180553667,0.20240705167015197,-0.4862074412523454,-0.20282128110059272,0.25520895226144485,0.7336092816797052,0.9486025877548421,0.8048282995217478,-0.04543919027943715,0.13034476205224593,0.13804790193761335,0.13034476205224593,,0.13034476205224593,-0.04845210860487504,0.061018785707871864,0.19655832453218436,,0.24010029038412023,0.5458982287290978,,0.03168518162155469,0.059704518913676806,-0.05529166005930844,-0.051407542765270334,0.009434224903219324,-0.05450136233913482,0.11295187487673662,-0.015253705626337457,0.037742610953364175
$relative_volatility_index,-0.04481401475599508,0.09049851757936779,0.07933556174931929,0.0003376736680900227,0.0033483956234423556,0.019882213291726264,0.7787238175207938,-0.0338917435916393,-0.019822204362267122,-0.026623723311757434,0.4162040735305301,1.0,0.00911953184659519,0.00876608322754807,0.008244202254279959,0.0037957908177672197,-0.0019810256448363223,-0.00022364372886556227,0.002930403967390284,-0.011135569944681093,0.006405455934960709,0.30033907754833605,0.4162040735305302,0.6172623551308906,0.30033907771741564,0.19040644596436296,0.7678636938480898,0.07964679894692017,,,,,,,,,,0.0019946858071609465,0.06995432520264273,0.0446024437864959,0.19040644596436296,0.03591120954702348,0.31140373004668115,-0.1997695292716816,-0.00896991324682043,0.0696522178607811,0.053889970219541825,0.04997246041837559,-0.3656744948538034,-0.027245562861655647,0.23452998647602183,0.2903585612890447,0.43091618597113573,0.40120026047997986,-0.12123064077209614,0.04573167408524705,0.04442205773025712,0.04573167408524705,,0.04573167408524705,-0.013144371922633964,0.07141573246488477,0.07498070295487555,,0.14349177462087673,0.10323186851578293,,-0.047147295170828656,0.08333534036305143,-0.15259952063898713,-0.13598826969327593,-0.04109217385780731,-0.14932001718910784,0.04623537797977247,-0.05387703656908699,0.022032854508779526
OPEN1,-0.0455865782250636,0.4245331212943385,0.07450784976846021,0.01592817056658357,-0.01681945196815171,-0.02258353096970971,0.016222647326771356,-0.441772919509786,-0.28277979665347586,-0.6235081260543199,0.022596341987820907,0.00911953184659519,1.0,-0.34022410288428134,-0.5760774998513603,-0.6207476617689003,-0.0026000906000275535,0.012683230965999581,-0.043226774230003255,0.007540412052005309,-0.030268998000827038,0.045727861452780134,0.022596341987820907,0.008502214545436884,0.045727859870934175,0.014567021683473628,0.01457634357145054,0.23787150017756756,,,,,,,,,,-0.0024310283334002016,0.0677698432487363,0.1911767173997932,0.014567021683473628,0.10791027781892555,0.0420617069210531,0.11439818714896056,0.12325846750452352,0.11550830935541044,-0.004799975461244167,0.2159311070704508,-0.0014998024395311658,-0.009475044416583108,-0.00013533044512086716,0.01794369733568383,0.01619680410124464,0.014727223616582253,0.13176152927579268,0.17842076493770131,0.19815668020300195,0.17842076493770131,,0.17842076493770131,0.08904529170259771,0.2519680738489575,0.25424587966583595,,0.00886941837225764,0.08754446393565904,,0.16447151176508334,0.410979861429567,0.15450651466921028,0.14181016782216427,0.16776596078716488,0.15499683807753137,0.20654156194565026,0.1898635163998288,0.17401838896562097
RSV1,-0.004619997148980441,-0.30860680955581954,-0.009944516684479524,-0.006808627157455064,0.031248571296555637,0.040434036050292305,0.005891907758938736,0.130905295383108,0.09141744600238981,0.18642841289493292,0.00906548917700859,0.00876608322754807,-0.34022410288428134,1.0,0.8108812218730754,0.6836413875329619,-0.011178143323044513,0.010182036878587982,0.02235438615106624,-0.0017202905903349924,0.027641675629311392,-0.0007457255223525667,0.009065489177008593,0.008325064473232177,-0.0007457252027850179,0.005177015129499451,0.0076416445945572025,-0.23440456462040704,,,,,,,,,,-0.015881396004161878,-0.00270630675545575,-0.10650048553896901,0.005177015129499451,-0.008924758515150219,0.0051786648509870295,-0.10204401941082003,-0.10631846258538057,-0.03022422120689118,0.029162028992417294,-0.11944063495453912,-0.011129430713038341,0.0067725990131891085,0.00012779143583843835,0.005770674799061026,0.008707888113186872,0.009816148792851524,-0.09719344638124729,-0.16015932039664965,-0.1714958294999101,-0.16015932039664965,,-0.16015932039664965,-0.16842107627381311,-0.14397527037694283,-0.0903139977940382,,-0.003720057825288334,-0.008357180306109687,,-0.11251527494227113,-0.3191973568434363,-0.11015180090165534,-0.10041079587689611,-0.13324593593419998,-0.11037695249580283,-0.18255205144789619,-0.16660121905660635,-0.16238962258914044
RSV2,0.0001283256238607033,-0.43252303832600686,-0.00830955707673758,-0.006156815585717198,0.037128213748872,0.050298255763798684,0.0029163326131329973,0.19870908623285644,0.12205542214742214,0.30216543811755375,0.011717115979400493,0.008244202254279959,-0.5760774998513603,0.8108812218730754,1.0,0.8962333403608349,0.007488459830134588,0.012286372267817345,0.030142050080792147,-0.0008490476480777574,0.028626342964947,-0.008410962397760124,0.011717115979400493,0.011994359077641459,-0.008410962088039006,0.006594921932065176,0.00825004512643581,-0.3129330042687111,,,,,,,,,,-0.017415610320880473,-0.004623413594234271,-0.1459069758026882,0.006594921932065176,-0.013931257290545253,0.0052374572350726584,-0.13839535459959487,-0.1427955667645961,-0.041772154406942465,0.03896669270452111,-0.16333153617317483,-0.01361075825941934,0.004802004851096526,0.0033962759215438814,0.008420858831057306,0.01266802232690467,0.013069469178193653,-0.13083444551125767,-0.21955025427468194,-0.2403499586704749,-0.21955025427468194,,-0.21955025427468194,-0.23671706153658814,-0.20299295481841403,-0.12268567655801614,,-0.0016995154991504894,-0.01294846976659608,,-0.1543848490515591,-0.4477287680255737,-0.15199116664267084,-0.14237279599115638,-0.1740229277972143,-0.15353699233034046,-0.24963665876496635,-0.21998378022320136,-0.22188222854482054
RSV3,0.007126688094767311,-0.48521177046047465,-0.006699709032545293,-0.005910331188170697,0.04035182321003429,0.05807139212806312,-0.0030572340797747006,0.26294886964024,0.15517073501979411,0.40821161429438535,0.011017859589388264,0.0037957908177672197,-0.6207476617689003,0.6836413875329619,0.8962333403608349,1.0,0.008173059069051102,0.014209440943267706,0.036276253747556546,0.0005179807834020548,0.02871528804247262,-0.013672733717555287,0.01101785958938826,0.010919522576336462,-0.013672733382739482,0.007186435336062176,0.003817242831086977,-0.3408928920263618,,,,,,,,,,-0.017631753417942334,-0.00788668185699185,-0.1631672457634229,0.007186435336062176,-0.019713362483070544,0.0029812170603901213,-0.1518972817640713,-0.15647303665294687,-0.04820821421367951,0.040307695008923235,-0.18092269827479782,-0.014409688829141093,0.006901801565108503,0.003287926362958392,0.00635683851896594,0.011987945713372892,0.011838925057474716,-0.1443410681632864,-0.2401300696855837,-0.26409923253083445,-0.2401300696855837,,-0.2401300696855837,-0.26171084125879734,-0.22873201237096932,-0.13857689339602924,,-0.0017370934763974299,-0.01434874895036796,,-0.1707571667554124,-0.5020532784459482,-0.16778148636877255,-0.15845077520871706,-0.1911000722657725,-0.17007528363831687,-0.27270334048282824,-0.24210831076995543,-0.24244161624028104
VOLUME1,0.0009014990745497303,-0.0002525890274417289,0.00015157869073161462,-0.000159651004886849,-0.00042027862389566593,0.007220000386193437,-0.003174049174267335,-0.0017086194479307595,-0.0008266180565181724,-0.0038525844976661856,3.752356155230232e-05,-0.0019810256448363223,-0.0026000906000275535,-0.011178143323044513,0.007488459830134588,0.008173059069051102,1.0,0.003955869992549433,0.0027593064930830384,0.0011650353438253016,0.004736759598357679,-0.0015083529102062148,3.7523561552302264e-05,-0.0033846370917333876,-0.0015083529068329854,-0.0005216849202823925,-0.001314267029078464,-9.811296857070863e-05,,,,,,,,,,0.0023492502802799258,-0.00045089418855407185,-0.0033855882825621383,-0.0005216849202823925,-0.0005171344881097041,-0.000401068626906265,-0.002924768124218172,-0.0024436225114519874,-0.0017293869535352365,0.0011760609102078204,-0.0028329644827472557,-0.0039367216176125625,0.002451765762216222,0.0030107037024690217,-0.0020044687446085607,0.0009732213425037396,0.00031304479576666817,-0.0034252017252882744,-0.004995514133224725,-0.004471037043457589,-0.004995514133224725,,-0.004995514133224725,-0.00042711955051883907,-0.0018341362187606278,-0.0005262526059925331,,0.003548304251855696,-0.0006527034893004382,,-0.0032017051197431577,-0.00017744188032829602,-0.003748819765476011,-0.00513805661285269,-0.0027562876902283,-0.004131592319135265,-0.004861301713617748,-0.00231131417710746,-0.0049343429444141185
btc_std_7d,-0.39537457943462595,0.06974239725788013,0.497944125085649,-0.0028677422050417964,0.19748085982764021,0.08303111583195638,-0.019346733252570476,-0.007159552940397942,-0.0072321732351905066,-0.004635851187120713,0.3835609105422417,-0.00022364372886556227,0.012683230965999581,0.010182036878587982,0.012286372267817345,0.014209440943267706,0.003955869992549433,1.0,0.03613998934415639,0.18772243973339806,0.005890098589799103,-0.0005498704995122954,0.3835609105422416,0.06553092832697073,-0.0005498711277042984,0.2671512063318543,0.006217488507083797,0.023612438285924204,,,,,,,,,,-0.293341978727504,0.506632210184119,0.2600238173563345,0.2671512063318543,0.3940324072716223,0.4644876366166971,-0.034442888034804726,-0.019257501523789623,0.47021093937416336,0.41636609288330095,0.14147649995278208,-0.23091136978092358,-0.05885460997113663,0.12494656814030791,0.2822325762440851,0.3785382626437477,0.33055744201394993,0.0928300318414791,0.11774550633791607,0.12671093059104951,0.11774550633791607,,0.11774550633791607,-0.0013289883935547126,0.03648730104781274,0.08682743393010449,,0.19693819835825865,0.20942151504645393,,0.16350394506464236,0.057235229486938564,0.11200464148781226,0.09604676511490076,0.08132767992658393,0.10966574201937855,0.10800115125709503,0.08055968061502919,0.08641684556547084
btc_zscore_14d,0.0024780407971998807,0.19284191173994292,0.15511959371803646,0.035059545589140054,0.08370940713850487,-0.04216246124837162,0.016097463267661406,0.08357733266285221,0.10821370005174868,0.06296349431084446,0.07843795666883946,0.002930403967390284,-0.043226774230003255,0.02235438615106624,0.030142050080792147,0.036276253747556546,0.0027593064930830384,0.03613998934415639,1.0,0.06885937761815598,0.0615531071805813,0.000779047012878971,0.07843795666883946,0.082760540729569,0.0007790470772433446,0.03277551801299809,0.018904750572384207,0.13062639864739464,,,,,,,,,,0.0408433371789486,0.08342208209065127,0.08981440949728724,0.03277551801299809,0.027740325359128726,0.0865348109234389,0.02428729290051753,0.02710609521912509,0.10933965854627793,0.02995264831697092,0.13121724098796822,-0.05460499184763299,-0.006464764115310041,0.022507780387927397,0.06395635957742336,0.07285997908715766,0.07599428453041643,0.05909833448590605,0.16212101092383588,0.1580485308732313,0.16212101092383588,,0.16212101092383588,0.09762848257458198,0.09539227918230948,0.07049406537750912,,0.022110577314545344,0.02546402202124334,,0.06789476782180837,0.1955790359614979,0.06412422813124163,0.04845234754276143,0.1311695719019814,0.0645824629667148,0.1835148215347037,0.1342344874459531,0.15646026923288017
fg_std_7d,-0.17630034202589953,0.025312426438684803,0.21554015420076444,-0.003351399499973811,0.11128235222803333,-0.03460256318844262,-0.011418739863322785,-0.012459448659419704,-0.026884697167538035,-0.008220157929823267,0.17596870822283067,-0.011135569944681093,0.007540412052005309,-0.0017202905903349924,-0.0008490476480777574,0.0005179807834020548,0.0011650353438253016,0.18772243973339806,0.06885937761815598,1.0,-0.10690483364296584,-0.004773269595208155,0.17596870822283073,0.05365622010260871,-0.004773269804796604,0.08025008175358286,-0.01281649545513758,-0.0036014188926699418,,,,,,,,,,-0.15658523026210994,0.2223555912734825,0.18025024063408887,0.08025008175358286,0.11706727046427626,0.20813807535663717,0.004773326963345154,0.011880020567290593,0.20060172884663402,0.18996513166158152,0.05087613592395775,-0.1731823104038515,0.012413591157571513,0.08900523317750797,0.12559466621628504,0.18559298472602836,0.18070063151486618,0.09753099393521292,0.055528212474585,0.06250447153853679,0.055528212474585,,0.055528212474585,-0.006808248277280596,0.026456687079320234,0.03400776932309386,,0.11019514942287234,0.057901082374630757,,0.1592236182502809,0.022937199259073414,0.11378973740700721,0.09849268263144975,0.061896404847666474,0.11183838558888876,0.047395728873434774,0.07250336764999468,0.04767981560155885
fg_zscore_14d,0.10829400354428412,0.039497473717126905,-0.11760144141514638,0.013891448545121357,0.036389482316904476,0.2779413210710148,0.0003978324422648536,0.1013945505450633,0.2689578799457632,0.05531907333045484,-0.1031682821083844,0.006405455934960709,-0.030268998000827038,0.027641675629311392,0.028626342964947,0.02871528804247262,0.004736759598357679,0.005890098589799103,0.0615531071805813,-0.10690483364296584,1.0,0.002813938786837988,-0.10316828210838443,-0.034546450255069104,0.002813938774496026,-0.06837254519951763,0.005235480278873633,0.043000872973333465,,,,,,,,,,-0.007888360646854798,-0.128486720294622,-0.029004988981212638,-0.06837254519951763,-0.10605613966415471,-0.12004700368768546,0.03565666655977108,0.0366200031988499,-0.10532357759827862,-0.1225888382958025,0.0014581509921158763,0.017505066046172933,0.06681410787831912,-0.029183079681350976,-0.09693277385561688,-0.09670513319173624,-0.0840435565838798,0.022758640551511725,0.02062370440216352,0.019795537544782308,0.02062370440216352,,0.02062370440216352,0.01966594764039073,0.008595654412113159,0.004778011173839863,,-0.057884785651517216,-0.04735437845589778,,0.006991081435758401,0.041308743993572046,0.017816754853104185,0.016664858614658228,0.04189456638586744,0.01999924010330328,0.02558975260376596,0.04590210153133872,0.029876631054161405
vol_momentum_scaled,-0.039639341820771036,0.014667563859758379,0.030499231725809317,-0.009778163920308775,-0.00040895219851832604,0.0024969161149442035,0.23325553166085364,-0.024644155194312425,-0.011968098597735928,-0.053144605160470884,0.20432182961013273,0.30033907754833605,0.045727861452780134,-0.0007457255223525667,-0.008410962397760124,-0.013672733717555287,-0.0015083529102062148,-0.0005498704995122954,0.000779047012878971,-0.004773269595208155,0.002813938786837988,1.0,0.20432182961013273,0.18977973808615603,1.0000000000000009,0.161727655853951,0.28628097476366215,0.04288425592576023,,,,,,,,,,2.6685455716046076e-05,0.04016422666875347,0.061872090243811045,0.161727655853951,0.06402328367714819,0.16169894995515063,-0.04164401973015372,0.03509510758466555,0.05525196641094124,0.014829282330544067,0.056168954267462684,-0.07616550229398542,-0.05763995962243093,0.04222239595475309,0.15417089714697493,0.18894646539506282,0.15672670366958433,-0.0123716717549989,0.01040717718494086,0.016347300034750784,0.01040717718494086,,0.01040717718494086,-0.014898211999797175,0.02429636800712936,0.031568004800060466,,0.01314019393261343,0.11267289813808257,,-0.011097218323239153,0.010812387145673416,-0.025923412517105855,-0.011649748347859519,0.022212350683467483,-0.0187312776383046,0.006736349590763137,-0.013795124574409384,-0.013907336472120689
vol_raw,-0.4931886714050863,0.0968265306659844,0.6491847258175205,0.009836693041613696,0.0700851615900809,-0.036013669391416106,0.33927614448748705,-0.07417097833646233,-0.0987542915821503,-0.03396330936313221,1.0,0.4162040735305302,0.022596341987820907,0.009065489177008593,0.011717115979400493,0.01101785958938826,3.7523561552302264e-05,0.3835609105422416,0.07843795666883946,0.17596870822283073,-0.10316828210838443,0.20432182961013273,1.0,0.600253142360003,0.2043218283485317,0.752159084822969,0.5076148448441257,0.0327008680039794,,,,,,,,,,-0.1214646983747865,0.647322079789898,0.3195215421382663,0.752159084822969,0.5027113791670964,0.9543690266505167,-0.23938577948199638,-0.05672914031449805,0.6078952094130631,0.5251016180553667,0.20240705167015197,-0.4862074412523454,-0.20282128110059272,0.25520895226144485,0.7336092816797052,0.9486025877548421,0.8048282995217478,-0.04543919027943715,0.13034476205224593,0.13804790193761335,0.13034476205224593,,0.13034476205224593,-0.04845210860487504,0.061018785707871864,0.19655832453218436,,0.24010029038412023,0.5458982287290978,,0.03168518162155469,0.059704518913676806,-0.05529166005930844,-0.051407542765270334,0.009434224903219324,-0.05450136233913482,0.11295187487673662,-0.015253705626337457,0.037742610953364175
vol_raw_decile,-0.15682108918437943,0.1162714537966208,0.24523052093522635,0.0022144135218082036,0.002711487063786329,0.012362879635379983,0.49998445420409315,-0.03631459040247299,-0.04980266064110717,-0.012432400775539263,0.600253142360003,0.6172623551308906,0.008502214545436884,0.008325064473232177,0.011994359077641459,0.010919522576336462,-0.0033846370917333876,0.06553092832697073,0.082760540729569,0.05365622010260871,-0.034546450255069104,0.18977973808615603,0.600253142360003,1.0,0.18977973795365322,0.25537242992523723,0.7576623235304408,0.08653086810716348,,,,,,,,,,0.0049639504203067815,0.22706856353435106,0.16787496393976517,0.25537242992523723,0.1436763011102817,0.4912982425153564,-0.2136998761976381,0.01562876274505964,0.21913495413195366,0.1786123469178434,0.10502080065702048,-0.5679720463247179,-0.014039415395592777,0.3598995934185733,0.41064731863411663,0.6290557989614325,0.5916489986304458,-0.08744181949360033,0.09560163035375256,0.10049541114911746,0.09560163035375256,,0.09560163035375256,-0.042658650089449274,0.10292643351044072,0.11348755006754464,,0.25807493592326547,0.14796905771953292,,0.044861204439620106,0.10388856861932977,-0.11433535414368319,-0.09882843265973341,0.005462865617989506,-0.11005605810604552,0.09322167096321941,-0.023282640065228496,0.06416695921589392
vol_raw_momentum,-0.03963934081448072,0.014667563604377175,0.030499231149572884,-0.009778163726487946,-0.00040895232376613556,0.0024969161439521185,0.23325553182970718,-0.024644154532937532,-0.011968098166470247,-0.05314460456867385,0.2043218283485317,0.30033907771741564,0.045727859870934175,-0.0007457252027850179,-0.008410962088039006,-0.013672733382739482,-0.0015083529068329854,-0.0005498711277042984,0.0007790470772433446,-0.004773269804796604,0.002813938774496026,1.0000000000000009,0.2043218283485317,0.18977973795365322,1.0,0.16172765434281772,0.2862809749332344,0.04288425606796737,,,,,,,,,,2.6685703687480057e-05,0.04016422575750659,0.06187208983660752,0.16172765434281772,0.06402328228953306,0.1616989486743223,-0.041644019747896985,0.03509510748603827,0.0552519652438498,0.014829282019778563,0.05616895347733144,-0.07616550221095475,-0.05763995960805088,0.04222239626331098,0.15417089658525593,0.1889464645483841,0.15672670319133583,-0.012371671740752689,0.010407177110127435,0.016347299965386648,0.010407177110127435,,0.010407177110127435,-0.014898212086201233,0.024296368379111016,0.03156800426224386,,0.01314019410578503,0.11267289765619458,,-0.01109721830416111,0.010812387018986548,-0.025923412685498016,-0.011649748422517928,0.022212350416345627,-0.018731277781098638,0.006736349530529864,-0.013795124734803042,-0.013907336393441529
vol_risk,-0.33185129263098767,0.03838119735538707,0.4077570765906562,0.02018349531159419,0.04969869314919586,-0.04384434135527025,0.16318822281168538,-0.11897699895969166,-0.14452166520172813,-0.055888125173708676,0.752159084822969,0.19040644596436296,0.014567021683473628,0.005177015129499451,0.006594921932065176,0.007186435336062176,-0.0005216849202823925,0.2671512063318543,0.03277551801299809,0.08025008175358286,-0.06837254519951763,0.161727655853951,0.752159084822969,0.25537242992523723,0.16172765434281772,1.0,0.22543431341985878,0.01567361659833672,,,,,,,,,,-0.06842675215391451,0.41966020822625755,0.17424522223031286,1.0,0.4847143199135299,0.7060472192596753,-0.10353776181424251,-0.019542979568664028,0.4280294692181607,0.2999571302400002,0.19045821910628702,-0.1540222513878428,-0.1327575989270101,0.027186694069490154,0.4158093322905756,0.6963899665207924,0.3981782064082973,-0.028155114381245305,0.06839842288411124,0.07139853870000178,0.06839842288411124,,0.06839842288411124,-0.01637057020427143,0.006792165726558442,0.10658711581934183,,0.027687851165831515,0.809379890687065,,-0.04615369288274894,0.011945826415274278,-0.03465986218512623,-0.0333584507179254,0.004972131485772839,-0.034680752790051506,0.053602392262257825,-0.010975363945763227,-0.01793702534128141
vol_scaled,-0.07689354203737334,0.10158086671411601,0.11320989872072287,-0.0001539565221768756,0.005692475234836922,0.03191448588799592,0.6397486951961698,-0.044425690207593134,-0.04018440154461703,-0.0262624961754036,0.5076148448441257,0.7678636938480898,0.01457634357145054,0.0076416445945572025,0.00825004512643581,0.003817242831086977,-0.001314267029078464,0.006217488507083797,0.018904750572384207,-0.01281649545513758,0.005235480278873633,0.28628097476366215,0.5076148448441257,0.7576623235304408,0.2862809749332344,0.22543431341985878,1.0,0.08492302291082841,,,,,,,,,,0.011852897895937152,0.10748884592583519,0.09109848953930236,0.22543431341985876,0.06149686672122878,0.38712291772476076,-0.2091562432969071,0.011127860755296107,0.10746509842216889,0.08150658923293812,0.06951390183283053,-0.4353542364673545,-0.05869330589012816,0.29956184060440844,0.3614392109441114,0.5282752458788501,0.4899500583711189,-0.11740025180881901,0.0519641953705784,0.05501443077772279,0.0519641953705784,,0.0519641953705784,-0.032096598703034725,0.08699036807955131,0.10456611405216427,,0.18418628921308247,0.12751466719142698,,-0.023003168785803347,0.08944084914037737,-0.14843041425502518,-0.1331383012681649,-0.02680284054260359,-0.1454492009699016,0.04763084298206636,-0.051506107862901995,0.023196852709539754
prob_up,0.21113043283133953,0.618090332196036,0.08106203658274033,0.1670216081079709,0.04353976146283582,0.048988074534839304,0.07330888128882898,-0.13155819610191272,-0.08494103358956101,-0.19801095423306003,0.0327008680039794,0.07964679894692017,0.23787150017756756,-0.23440456462040704,-0.3129330042687111,-0.3408928920263618,-9.811296857070863e-05,0.023612438285924204,0.13062639864739464,-0.0036014188926699418,0.043000872973333465,0.04288425592576023,0.0327008680039794,0.08653086810716348,0.04288425606796737,0.01567361659833672,0.08492302291082841,1.0,,,,,,,,,,0.0158378699976843,-0.08066496710928873,0.2566218786367943,0.015673616598336743,-0.035277496224858,-0.004639392486664719,0.2903897102528198,0.4167437885457399,0.056853666769919015,-0.19940670767213128,0.44090865536764173,-0.009063911558948255,-0.018295110432410444,0.002681978637401458,0.04014433135438429,0.032061123008577684,0.03567192107214895,0.20483944777324609,0.4245236103212519,0.43667418881511844,0.4245236103212519,,0.4245236103212519,0.3964644679903032,0.25872709468886873,0.23465443923710386,,-0.022070729441665313,0.04463551055596716,,0.2404250389258495,0.6228219244369472,0.2421117665730779,0.20614968193350705,0.5452988593735927,0.23946850668634048,0.4798474351784928,0.4889417021559453,0.42024514941624164
vol_regime_low,,,,,,,,,,,,,,,,,,,,,,,,,,,,,,,,,,,,,,,,,,,,,,,,,,,,,,,,,,,,,,,,,,,,,,,,,,,,
vol_regime_medium,,,,,,,,,,,,,,,,,,,,,,,,,,,,,,,,,,,,,,,,,,,,,,,,,,,,,,,,,,,,,,,,,,,,,,,,,,,,
vol_regime_high,,,,,,,,,,,,,,,,,,,,,,,,,,,,,,,,,,,,,,,,,,,,,,,,,,,,,,,,,,,,,,,,,,,,,,,,,,,,
momentum_regime_trending,,,,,,,,,,,,,,,,,,,,,,,,,,,,,,,,,,,,,,,,,,,,,,,,,,,,,,,,,,,,,,,,,,,,,,,,,,,,
momentum_regime_ranging,,,,,,,,,,,,,,,,,,,,,,,,,,,,,,,,,,,,,,,,,,,,,,,,,,,,,,,,,,,,,,,,,,,,,,,,,,,,
regime_low_vol_trending,,,,,,,,,,,,,,,,,,,,,,,,,,,,,,,,,,,,,,,,,,,,,,,,,,,,,,,,,,,,,,,,,,,,,,,,,,,,
regime_low_vol_ranging,,,,,,,,,,,,,,,,,,,,,,,,,,,,,,,,,,,,,,,,,,,,,,,,,,,,,,,,,,,,,,,,,,,,,,,,,,,,
regime_high_vol_trending,,,,,,,,,,,,,,,,,,,,,,,,,,,,,,,,,,,,,,,,,,,,,,,,,,,,,,,,,,,,,,,,,,,,,,,,,,,,
regime_high_vol_ranging,,,,,,,,,,,,,,,,,,,,,,,,,,,,,,,,,,,,,,,,,,,,,,,,,,,,,,,,,,,,,,,,,,,,,,,,,,,,
