,q10,q50,q90,truth,$btc_dom,$fg_index,$high_vol_flag,$momentum_10,$momentum_25,$momentum_5,$realized_vol_6,$relative_volatility_index,OPEN1,RSV1,RSV2,RSV3,VOLUME1,btc_std_7d,btc_zscore_14d,fg_std_7d,fg_zscore_14d,vol_momentum_scaled,vol_raw,vol_raw_decile,vol_raw_momentum,vol_risk,vol_scaled,prob_up,vol_regime_low,vol_regime_medium,vol_regime_high,momentum_regime_trending,momentum_regime_ranging,regime_low_vol_trending,regime_low_vol_ranging,regime_high_vol_trending,regime_high_vol_ranging,regime_stability,spread,abs_q50,market_variance,prediction_variance,total_risk,enhanced_info_ratio,info_ratio,potential_gain,potential_loss,expected_value,variance_regime_low,variance_regime_medium,variance_regime_high,variance_regime_extreme,signal_thresh_adaptive,effective_info_ratio_threshold,economically_significant_traditional,economically_significant_expected_value,economically_significant_combined,economically_significant,high_quality,tradeable,q50_x_low_variance,q50_x_high_variance,q50_x_extreme_variance,q50_x_trending,spread_x_high_variance,vol_risk_x_abs_q50,enhanced_info_ratio_x_trending,signal_to_variance_ratio,variance_adjusted_signal,signal_rel,signal_tier,kelly_position_size,signal_tanh,side,signal_strength,position_size_suggestion
q10,1.0,-0.07191845727256818,-0.7745412754857187,0.11089455285899198,-0.05760231833492556,0.03643493668983198,-0.04722499593192009,0.11099360113742705,0.10838795021716487,0.09448988366654548,-0.6966351336315786,-0.08568082525870069,-0.07694282521464973,0.025626121195763275,0.03228132176528849,0.04090620064268399,-0.001590737500706694,-0.5488433139644218,-0.022475572357901555,-0.2549328999008486,0.16298419012050433,-0.04159715803914227,-0.6966351336315786,-0.251074554802701,-0.04159715711276787,-0.4119507102617148,-0.13510196892184337,0.02885244904411146,,,,,,,,,,0.16385501018101328,-0.939392946390855,-0.37266488487233856,-0.4119507102617148,-0.8192848326090946,-0.8378183597076658,0.18796742439205635,0.1639109946978479,-0.8675671834857239,-0.9082777829865831,-0.08975482874586148,0.4510941551403106,0.0978743882872143,-0.2512244097825026,-0.513912727674433,-0.6761079736308538,-0.6165213834041581,-0.07245921932182738,-0.14795928624569205,-0.15180289861387333,-0.14795928624569205,,-0.14795928624569205,0.050316612894709574,-0.05938589736723371,-0.1328347777953686,,-0.35438319040812594,-0.2974692431240072,,-0.1863664188339495,-0.05181501064433944,-0.09090094310073256,-0.08270546766505753,0.005458760717111126,-0.09012831858440444,-0.08544670086307389,-0.03434905098523316,-0.09333899583472718
q50,-0.07191845727256818,1.0,0.22465957800835684,0.221803641895658,0.08414212200223074,0.11148745479630937,0.06188700559794985,-0.23931995521437371,-0.1302262216721479,-0.3705906107694101,0.0968265306659844,0.09049851757936779,0.4245331212943385,-0.30860680955581954,-0.43252303832600686,-0.48521177046047465,-0.0002525890274417289,0.06974239725788013,0.19284191173994292,0.025312426438684803,0.039497473717126905,0.014667563859758379,0.0968265306659844,0.1162714537966208,0.014667563604377175,0.03838119735538707,0.10158086671411601,0.8340198132840306,,,,,,,,,,-0.000904184865721501,0.15913764401238073,0.3988070668969647,0.03838119735538707,0.13725122937770343,0.12711488342651714,0.21929510309377512,0.2448625562567431,0.14085356031088647,0.16069511974538594,0.3182128711120386,-0.09021742603320704,0.005336968576404487,0.04003896646081394,0.07570842390978956,0.09862824965356416,0.10216231167370889,0.2731465639446728,0.31203771248007467,0.3437001617043474,0.31203771248007467,,0.31203771248007467,0.36188394406371094,0.5033051289723535,0.5028733381328532,,0.058598610534983865,0.08732008545421745,,0.3560407358940758,0.9786121397499846,0.3229045207560359,0.272753828608067,0.16230700934028977,0.31790009696434746,0.4270693371519777,0.45703700934010105,0.31021888213585724
q90,-0.7745412754857187,0.22465957800835684,1.0,0.17901201608940162,0.11419887512533844,0.01731995835075739,0.025394221678721934,-0.0862638100389214,-0.10726315720860485,-0.0755303071584748,0.6491847258175205,0.07933556174931929,0.07450784976846021,-0.009944516684479524,-0.00830955707673758,-0.006699709032545293,0.00015157869073161462,0.497944125085649,0.15511959371803646,0.21554015420076444,-0.11760144141514638,0.030499231725809317,0.6491847258175205,0.24523052093522635,0.030499231149572884,0.4077570765906562,0.11320989872072287,0.13951634681119326,,,,,,,,,,-0.1587039408570049,0.9444544233321932,0.40514818231404554,0.4077570765906562,0.8581708485156472,0.806972736528366,-0.15773257188366574,-0.1448730255507508,0.9211097146544216,0.8586143554824008,0.3154901775122521,-0.4431320836026216,-0.06278095620087656,0.23108735847695264,0.47129400664667787,0.6416087783640589,0.5794429968509002,0.10331728035194479,0.27404813787629373,0.2816759752285264,0.27404813787629373,,0.27404813787629373,-0.004928857146949862,0.12871187238589787,0.2529954441630518,,0.3384635286576058,0.3273329183833504,,0.2273635292719924,0.18589202860067278,0.1285605355850681,0.10945303788236155,0.09104365978619142,0.12590602272951998,0.3086674393727323,0.15414872852859907,0.22360219065133824
truth,0.11089455285899198,0.221803641895658,0.17901201608940162,1.0,0.013854298698138893,0.012014604982388549,-0.003775579500761274,-0.0029307912002618313,-0.009149378521863418,-0.012796930281103482,0.009836693041613696,0.0003376736680900227,0.01592817056658357,-0.006808627157455064,-0.006156815585717198,-0.005910331188170697,-0.000159651004886849,-0.0028677422050417964,0.035059545589140054,-0.003351399499973811,0.013891448545121357,-0.009778163920308775,0.009836693041613696,0.0022144135218082036,-0.009778163726487946,0.02018349531159419,-0.0001539565221768756,0.17167785772476218,,,,,,,,,,-0.00010630836655466175,0.03941079639046459,0.08168947539222472,0.02018349531159419,0.05978861196471395,0.02286834288594541,0.03906251363142387,0.03727845603846672,0.06648000397941672,0.004520659908523445,0.1805871229528541,-0.0061811715312195285,0.005008101965774591,-0.001189307961037785,0.0028495939818615704,0.011381478990154573,0.005174283995212384,0.05394583482201204,0.10223506367486532,0.10641768902458437,0.10223506367486532,,0.10223506367486532,0.05205867679915253,0.11457444603406627,0.16723588695915886,,0.003760523827029718,0.0457684299170951,,0.06844875896255084,0.19922068467186446,0.06539208573479328,0.05023358425064859,0.06441466067843343,0.06158696177327564,0.16569356284685982,0.1150167490924972,0.09960423528714567
$btc_dom,-0.05760231833492556,0.08414212200223074,0.11419887512533844,0.013854298698138893,1.0,0.2580244996737947,-0.007734197757910841,0.04009001402082047,0.059651879885141285,0.028713553048977953,0.0700851615900809,0.0033483956234423556,-0.01681945196815171,0.031248571296555637,0.037128213748872,0.04035182321003429,-0.00042027862389566593,0.19748085982764021,0.08370940713850487,0.11128235222803333,0.036389482316904476,-0.00040895219851832604,0.0700851615900809,0.002711487063786329,-0.00040895232376613556,0.04969869314919586,0.005692475234836922,0.07502271220169951,,,,,,,,,,-0.45867835966443044,0.09182708745391199,0.05751649701789798,0.04969869314919586,0.08747707059814454,0.08494476776449986,-0.026920028840930393,-0.020220852151447782,0.09755711694782596,0.07454994669904558,0.07651368720674465,-0.03296438799130393,-0.003511720701854216,-0.0007835343803298795,0.05713281640802384,0.061365533214224756,0.06034094737078701,0.018872932544101443,0.07404251117187467,0.07405635568797528,0.07404251117187467,,0.07404251117187467,0.011584741483705106,0.049860403525028074,0.055691322547263986,,0.01735063714068336,0.04417408631189354,,0.030114962227397013,0.07970149461698366,0.02262969017223799,0.006295198691271698,0.03633627234086506,0.017973351993389588,0.0912782037278224,0.0680801561716318,0.06940867767566938
$fg_index,0.03643493668983198,0.11148745479630937,0.01731995835075739,0.012014604982388549,0.2580244996737947,1.0,0.002911043185398274,0.0652639035826247,0.15148916249947506,0.03904218386372013,-0.036013669391416106,0.019882213291726264,-0.02258353096970971,0.040434036050292305,0.050298255763798684,0.05807139212806312,0.007220000386193437,0.08303111583195638,-0.04216246124837162,-0.03460256318844262,0.2779413210710148,0.0024969161149442035,-0.036013669391416106,0.012362879635379983,0.0024969161439521185,-0.04384434135527025,0.03191448588799592,0.10530624469949944,,,,,,,,,,0.1876181184271558,-0.009542809898856088,0.08467220380051169,-0.04384434135527025,-0.02828302495787706,-0.02924751834346084,0.06816052722779238,0.06426090522984809,-0.00794787579046954,-0.010192757187709386,0.04019787128693437,-0.021920593339660985,0.03833644123419486,0.006240917383950029,-0.03743867481884929,-0.029703828912421976,-0.0187759917221601,0.0911515450817559,0.07352107123684055,0.08130200442991495,0.07352107123684055,,0.07352107123684055,0.03850648689789366,0.05290065931091966,0.044955538619134955,,-0.004183065243544835,-0.021225463811992085,,0.10165414457345767,0.11204767511447523,0.09617929348048536,0.0881096250860748,0.07407973080573604,0.09796038650852903,0.09659507216862534,0.104148405074619,0.08125443020927113
$high_vol_flag,-0.04722499593192009,0.06188700559794985,0.025394221678721934,-0.003775579500761274,-0.007734197757910841,0.002911043185398274,1.0,-0.031956847977782914,-0.021048340078995025,-0.03149759964074341,0.33927614448748705,0.7787238175207938,0.016222647326771356,0.005891907758938736,0.0029163326131329973,-0.0030572340797747006,-0.003174049174267335,-0.019346733252570476,0.016097463267661406,-0.011418739863322785,0.0003978324422648536,0.23325553166085364,0.33927614448748705,0.49998445420409315,0.23325553182970718,0.16318822281168538,0.6397486951961698,0.05485989120538008,,,,,,,,,,0.02338383591697267,0.038301118151844483,0.041383664910292044,0.16318822281168538,0.024629709385437206,0.239592556609364,-0.12597523640139277,0.006257592734470467,0.03776241889921573,0.03436447014267534,0.027686670991743607,-0.24733961328531653,-0.07708915265384646,0.18696637600837657,0.25441023805663293,0.3473429730816241,0.31667005027980977,-0.09040036135635224,0.047631305307105055,0.042368299044102324,0.047631305307105055,,0.047631305307105055,-0.021288288711180166,0.05639930821577873,0.06627622925179438,,0.09970355009751794,0.09213156872457627,,-0.040180122751406415,0.05386569140059296,-0.10827892828655201,-0.10369910715289546,-0.037427556125932335,-0.10948976950467992,0.03745022019158583,-0.01624027923451072,0.02694272040443278
$momentum_10,0.11099360113742705,-0.23931995521437371,-0.0862638100389214,-0.0029307912002618313,0.04009001402082047,0.0652639035826247,-0.031956847977782914,1.0,0.6441037017721144,0.6969395187357348,-0.07417097833646233,-0.0338917435916393,-0.441772919509786,0.130905295383108,0.19870908623285644,0.26294886964024,-0.0017086194479307595,-0.007159552940397942,0.08357733266285221,-0.012459448659419704,0.1013945505450633,-0.024644155194312425,-0.07417097833646233,-0.03631459040247299,-0.024644154532937532,-0.11897699895969166,-0.044425690207593134,-0.1727278281310757,,,,,,,,,,4.562188905163362e-05,-0.10442633193107911,-0.07252851710136772,-0.11897699895969166,-0.1563556654652892,-0.0914696277667384,-0.03274760119177271,-0.027157080648313115,-0.08549263668702112,-0.11319145150310016,-0.049928777444861495,-0.0031493327132324006,0.015787383610786437,0.01727141544134887,-0.04399786389333271,-0.06606354491028395,-0.03285389685047267,-0.040621350254612935,-0.02837039376958887,-0.03405732652968969,-0.02837039376958887,,-0.02837039376958887,-0.058163948351942094,-0.15113650120257033,-0.09958412246986816,,0.001131261653461813,-0.11750044614243403,,-0.04804749312736649,-0.23927204328750595,-0.05034017208467329,-0.044128386076247084,0.020579407641934014,-0.0491986731584716,-0.04947966545779836,-0.059162495371898,-0.019394243955552552
$momentum_25,0.10838795021716487,-0.1302262216721479,-0.10726315720860485,-0.009149378521863418,0.059651879885141285,0.15148916249947506,-0.021048340078995025,0.6441037017721144,1.0,0.4492295258381267,-0.0987542915821503,-0.019822204362267122,-0.28277979665347586,0.09141744600238981,0.12205542214742214,0.15517073501979411,-0.0008266180565181724,-0.0072321732351905066,0.10821370005174868,-0.026884697167538035,0.2689578799457632,-0.011968098597735928,-0.0987542915821503,-0.04980266064110717,-0.011968098166470247,-0.14452166520172813,-0.04018440154461703,-0.09476670725481694,,,,,,,,,,-0.00018704387028553306,-0.11445463899146786,-0.05591792630475248,-0.14452166520172813,-0.18843709241755438,-0.11008869707221022,-0.0175909993852749,-0.01289999438884049,-0.10288276894983381,-0.11381268024480597,-0.04272368330816025,-0.0052164429632672125,0.025658279746695604,0.02015967748354265,-0.06081001667701734,-0.0842042727125342,-0.044995706991468654,-0.019418275443976684,-0.006947967377714221,-0.010017485710894372,-0.006947967377714221,,-0.006947967377714221,-0.03516460437973441,-0.08279153293651659,-0.0407597078777354,,0.007331381679446347,-0.1368713372607369,,-0.01619097949355866,-0.1320455551474656,-0.02540179482045201,-0.02658278685146121,0.025882906795651976,-0.025320865420671735,-0.0237275098993133,-0.01939278366523046,0.008993245198563248
$momentum_5,0.09448988366654548,-0.3705906107694101,-0.0755303071584748,-0.012796930281103482,0.028713553048977953,0.03904218386372013,-0.03149759964074341,0.6969395187357348,0.4492295258381267,1.0,-0.03396330936313221,-0.026623723311757434,-0.6235081260543199,0.18642841289493292,0.30216543811755375,0.40821161429438535,-0.0038525844976661856,-0.004635851187120713,0.06296349431084446,-0.008220157929823267,0.05531907333045484,-0.053144605160470884,-0.03396330936313221,-0.012432400775539263,-0.05314460456867385,-0.055888125173708676,-0.0262624961754036,-0.26660490972736217,,,,,,,,,,-6.705299431016394e-05,-0.09003362846117441,-0.13732789537719345,-0.055888125173708676,-0.13344724633324467,-0.05958859599886766,-0.07667537928572007,-0.07634419290524252,-0.06765346510973963,-0.10435175509080409,-0.07669610725694215,-0.005485347116667735,0.010485058621232519,0.010589793877858815,-0.022862320455706457,-0.03013773228747048,-0.015235295936556698,-0.09392725652567714,-0.05476340099841009,-0.07067405738886363,-0.05476340099841009,,-0.05476340099841009,-0.08477128690288453,-0.23257462933761536,-0.18822469190465918,,-0.00790604616476701,-0.08620885029575258,,-0.11484604110413124,-0.36647426912572834,-0.10998155366979478,-0.10024134381133688,-0.013482000694876265,-0.11003400705326856,-0.08947873535407504,-0.10868268920039559,-0.0508049269976449
$realized_vol_6,-0.6966351336315786,0.0968265306659844,0.6491847258175205,0.009836693041613696,0.0700851615900809,-0.036013669391416106,0.33927614448748705,-0.07417097833646233,-0.0987542915821503,-0.03396330936313221,1.0,0.4162040735305301,0.022596341987820907,0.00906548917700859,0.011717115979400493,0.011017859589388264,3.752356155230232e-05,0.3835609105422417,0.07843795666883946,0.17596870822283067,-0.1031682821083844,0.20432182961013273,1.0,0.600253142360003,0.2043218283485317,0.752159084822969,0.5076148448441257,0.025206863706221792,,,,,,,,,,-0.1214646983747865,0.7138264162238334,0.3195215421382663,0.752159084822969,0.6530408396813797,0.961797954925335,-0.2382151753174444,-0.08523756900697572,0.6840741496367325,0.6624655570698889,0.1619316727186126,-0.4862074412523454,-0.20282128110059272,0.25520895226144485,0.7336092816797052,0.9486025877548421,0.8048282995217478,-0.04543919027943715,0.17518690965236877,0.17493668948444938,0.17518690965236877,,0.17518690965236877,-0.04845210860487504,0.061018785707871864,0.19655832453218436,,0.24696739019804687,0.5458982287290978,,0.03168518162155469,0.059704518913676806,-0.05529166005930844,-0.051407542765270334,-0.021343549245927965,-0.05450136233913482,0.1448173614662158,0.015587121739004136,0.08552499104759312
$relative_volatility_index,-0.08568082525870069,0.09049851757936779,0.07933556174931929,0.0003376736680900227,0.0033483956234423556,0.019882213291726264,0.7787238175207938,-0.0338917435916393,-0.019822204362267122,-0.026623723311757434,0.4162040735305301,1.0,0.00911953184659519,0.00876608322754807,0.008244202254279959,0.0037957908177672197,-0.0019810256448363223,-0.00022364372886556227,0.002930403967390284,-0.011135569944681093,0.006405455934960709,0.30033907754833605,0.4162040735305302,0.6172623551308906,0.30033907771741564,0.19040644596436296,0.7678636938480898,0.09058926382268909,,,,,,,,,,0.0019946858071609465,0.08751921102395742,0.0446024437864959,0.19040644596436296,0.056250763596441766,0.30464637226766855,-0.18638256576048648,-0.027972214350355115,0.0797993926303331,0.08576815829436013,0.031988054351362705,-0.3656744948538034,-0.027245562861655647,0.23452998647602183,0.2903585612890447,0.43091618597113573,0.40120026047997986,-0.12123064077209614,0.05127090677435119,0.04764468811404462,0.05127090677435119,,0.05127090677435119,-0.013144371922633964,0.07141573246488477,0.07498070295487555,,0.14912249817745762,0.10323186851578293,,-0.047147295170828656,0.08333534036305143,-0.15259952063898713,-0.13598826969327593,-0.07654593404334512,-0.14932001718910784,0.049285255022775275,-0.03247112206629959,0.028035769590402798
OPEN1,-0.07694282521464973,0.4245331212943385,0.07450784976846021,0.01592817056658357,-0.01681945196815171,-0.02258353096970971,0.016222647326771356,-0.441772919509786,-0.28277979665347586,-0.6235081260543199,0.022596341987820907,0.00911953184659519,1.0,-0.34022410288428134,-0.5760774998513603,-0.6207476617689003,-0.0026000906000275535,0.012683230965999581,-0.043226774230003255,0.007540412052005309,-0.030268998000827038,0.045727861452780134,0.022596341987820907,0.008502214545436884,0.045727859870934175,0.014567021683473628,0.01457634357145054,0.3087872716789285,,,,,,,,,,-0.0024310283334002016,0.0803624450349738,0.1911767173997932,0.014567021683473628,0.11287697987251831,0.04733928843626898,0.11397099428741288,0.12217595609846832,0.06354227638581474,0.08961916301826678,0.10741106829904028,-0.0014998024395311658,-0.009475044416583108,-0.00013533044512086716,0.01794369733568383,0.01619680410124464,0.014727223616582253,0.13176152927579268,0.0830958698558094,0.10272586268741633,0.0830958698558094,,0.0830958698558094,0.08904529170259771,0.2519680738489575,0.25424587966583595,,0.014550652083315255,0.08754446393565904,,0.16447151176508334,0.410979861429567,0.15450651466921028,0.14181016782216427,0.04535722881443282,0.15499683807753137,0.12380481349922522,0.15016053528145223,0.07954382222449938
RSV1,0.025626121195763275,-0.30860680955581954,-0.009944516684479524,-0.006808627157455064,0.031248571296555637,0.040434036050292305,0.005891907758938736,0.130905295383108,0.09141744600238981,0.18642841289493292,0.00906548917700859,0.00876608322754807,-0.34022410288428134,1.0,0.8108812218730754,0.6836413875329619,-0.011178143323044513,0.010182036878587982,0.02235438615106624,-0.0017202905903349924,0.027641675629311392,-0.0007457255223525667,0.009065489177008593,0.008325064473232177,-0.0007457252027850179,0.005177015129499451,0.0076416445945572025,-0.29766376983667947,,,,,,,,,,-0.015881396004161878,-0.018704814449768025,-0.10650048553896901,0.005177015129499451,-0.018831555733160945,-0.0014210293986137012,-0.09277068696054099,-0.08839497350762761,-0.002393391871429669,-0.0346989893636971,-0.051826962130453465,-0.011129430713038341,0.0067725990131891085,0.00012779143583843835,0.005770674799061026,0.008707888113186872,0.009816148792851524,-0.09719344638124729,-0.0576502276811371,-0.071198545573512,-0.0576502276811371,,-0.0576502276811371,-0.16842107627381311,-0.14397527037694283,-0.0903139977940382,,-0.008691442309068502,-0.008357180306109687,,-0.11251527494227113,-0.3191973568434363,-0.11015180090165534,-0.10041079587689611,-0.011045489264863161,-0.11037695249580283,-0.08588030825813112,-0.10875844747514814,-0.0597877202121004
RSV2,0.03228132176528849,-0.43252303832600686,-0.00830955707673758,-0.006156815585717198,0.037128213748872,0.050298255763798684,0.0029163326131329973,0.19870908623285644,0.12205542214742214,0.30216543811755375,0.011717115979400493,0.008244202254279959,-0.5760774998513603,0.8108812218730754,1.0,0.8962333403608349,0.007488459830134588,0.012286372267817345,0.030142050080792147,-0.0008490476480777574,0.028626342964947,-0.008410962397760124,0.011717115979400493,0.011994359077641459,-0.008410962088039006,0.006594921932065176,0.00825004512643581,-0.4146824560976331,,,,,,,,,,-0.017415610320880473,-0.021276494627762575,-0.1459069758026882,0.006594921932065176,-0.023724869246502914,-0.0015871573653788741,-0.13032967283251493,-0.1290286135171457,-0.0003058160644180916,-0.04216765198856041,-0.07679729586311018,-0.01361075825941934,0.004802004851096526,0.0033962759215438814,0.008420858831057306,0.01266802232690467,0.013069469178193653,-0.13083444551125767,-0.08763623869377027,-0.10795250935530307,-0.08763623869377027,,-0.08763623869377027,-0.23671706153658814,-0.20299295481841403,-0.12268567655801614,,-0.00683218628772182,-0.01294846976659608,,-0.1543848490515591,-0.4477287680255737,-0.15199116664267084,-0.14237279599115638,-0.021417088937340695,-0.15353699233034046,-0.1266938935372202,-0.14898455222867535,-0.0902388141656822
RSV3,0.04090620064268399,-0.48521177046047465,-0.006699709032545293,-0.005910331188170697,0.04035182321003429,0.05807139212806312,-0.0030572340797747006,0.26294886964024,0.15517073501979411,0.40821161429438535,0.011017859589388264,0.0037957908177672197,-0.6207476617689003,0.6836413875329619,0.8962333403608349,1.0,0.008173059069051102,0.014209440943267706,0.036276253747556546,0.0005179807834020548,0.02871528804247262,-0.013672733717555287,0.01101785958938826,0.010919522576336462,-0.013672733382739482,0.007186435336062176,0.003817242831086977,-0.4585490215903374,,,,,,,,,,-0.017631753417942334,-0.02488517864112507,-0.1631672457634229,0.007186435336062176,-0.02935336778183128,-0.0038727320816271354,-0.14397257212847403,-0.14482683385213127,-0.0005810679929370789,-0.049070274434050605,-0.08380493367933366,-0.014409688829141093,0.006901801565108503,0.003287926362958392,0.00635683851896594,0.011987945713372892,0.011838925057474716,-0.1443410681632864,-0.09636801231090407,-0.12005468767523413,-0.09636801231090407,,-0.09636801231090407,-0.26171084125879734,-0.22873201237096932,-0.13857689339602924,,-0.006899580405759345,-0.01434874895036796,,-0.1707571667554124,-0.5020532784459482,-0.16778148636877255,-0.15845077520871706,-0.02694788667227067,-0.17007528363831687,-0.13869605144705266,-0.16668467097309556,-0.09924565460022683
VOLUME1,-0.001590737500706694,-0.0002525890274417289,0.00015157869073161462,-0.000159651004886849,-0.00042027862389566593,0.007220000386193437,-0.003174049174267335,-0.0017086194479307595,-0.0008266180565181724,-0.0038525844976661856,3.752356155230232e-05,-0.0019810256448363223,-0.0026000906000275535,-0.011178143323044513,0.007488459830134588,0.008173059069051102,1.0,0.003955869992549433,0.0027593064930830384,0.0011650353438253016,0.004736759598357679,-0.0015083529102062148,3.7523561552302264e-05,-0.0033846370917333876,-0.0015083529068329854,-0.0005216849202823925,-0.001314267029078464,0.0004492699432454385,,,,,,,,,,0.0023492502802799258,0.0009086643318516721,-0.0033855882825621383,-0.0005216849202823925,0.000133199145743701,0.0001880891252761256,-0.0033834209122875726,-0.003487763847452674,-0.0006089367986790464,0.002495282035049498,-0.004324282399850872,-0.0039367216176125625,0.002451765762216222,0.0030107037024690217,-0.0020044687446085607,0.0009732213425037396,0.00031304479576666817,-0.0034252017252882744,-0.0038838290072208473,-0.0035408119183984493,-0.0038838290072208473,,-0.0038838290072208473,-0.00042711955051883907,-0.0018341362187606278,-0.0005262526059925331,,0.004174539513890151,-0.0006527034893004382,,-0.0032017051197431577,-0.00017744188032829602,-0.003748819765476011,-0.00513805661285269,-0.002820478986428028,-0.004131592319135265,-0.003725290635645758,-0.002041550367359129,-0.0038328210874470046
btc_std_7d,-0.5488433139644218,0.06974239725788013,0.497944125085649,-0.0028677422050417964,0.19748085982764021,0.08303111583195638,-0.019346733252570476,-0.007159552940397942,-0.0072321732351905066,-0.004635851187120713,0.3835609105422417,-0.00022364372886556227,0.012683230965999581,0.010182036878587982,0.012286372267817345,0.014209440943267706,0.003955869992549433,1.0,0.03613998934415639,0.18772243973339806,0.005890098589799103,-0.0005498704995122954,0.3835609105422416,0.06553092832697073,-0.0005498711277042984,0.2671512063318543,0.006217488507083797,0.02168685473911711,,,,,,,,,,-0.293341978727504,0.5550617713622186,0.2600238173563345,0.2671512063318543,0.49584514468526486,0.47949044991495,-0.04374418087391024,-0.03983907403010311,0.5293416106703006,0.5180104301232001,0.11594263889486844,-0.23091136978092358,-0.05885460997113663,0.12494656814030791,0.2822325762440851,0.3785382626437477,0.33055744201394993,0.0928300318414791,0.13645150006641266,0.13918516134716366,0.13645150006641266,,0.13645150006641266,-0.0013289883935547126,0.03648730104781274,0.08682743393010449,,0.20278477121990315,0.20942151504645393,,0.16350394506464236,0.057235229486938564,0.11200464148781226,0.09604676511490076,0.05853287660788646,0.10966574201937855,0.11929606435271044,0.08264442729081499,0.10729190141006047
btc_zscore_14d,-0.022475572357901555,0.19284191173994292,0.15511959371803646,0.035059545589140054,0.08370940713850487,-0.04216246124837162,0.016097463267661406,0.08357733266285221,0.10821370005174868,0.06296349431084446,0.07843795666883946,0.002930403967390284,-0.043226774230003255,0.02235438615106624,0.030142050080792147,0.036276253747556546,0.0027593064930830384,0.03613998934415639,1.0,0.06885937761815598,0.0615531071805813,0.000779047012878971,0.07843795666883946,0.082760540729569,0.0007790470772433446,0.03277551801299809,0.018904750572384207,0.20156755815852348,,,,,,,,,,0.0408433371789486,0.09575613964135637,0.08981440949728724,0.03277551801299809,0.0648980651508323,0.09087644250980467,0.027963943087208714,0.03694892519157638,0.11203494361343379,0.06623661074805652,0.14764925301910867,-0.05460499184763299,-0.006464764115310041,0.022507780387927397,0.06395635957742336,0.07285997908715766,0.07599428453041643,0.05909833448590605,0.18485984478315975,0.1830106564974483,0.18485984478315975,,0.18485984478315975,0.09762848257458198,0.09539227918230948,0.07049406537750912,,0.024493646427402933,0.02546402202124334,,0.06789476782180837,0.1955790359614979,0.06412422813124163,0.04845234754276143,0.11204719514507905,0.0645824629667148,0.22883588870585453,0.1548826926229227,0.18128423030817475
fg_std_7d,-0.2549328999008486,0.025312426438684803,0.21554015420076444,-0.003351399499973811,0.11128235222803333,-0.03460256318844262,-0.011418739863322785,-0.012459448659419704,-0.026884697167538035,-0.008220157929823267,0.17596870822283067,-0.011135569944681093,0.007540412052005309,-0.0017202905903349924,-0.0008490476480777574,0.0005179807834020548,0.0011650353438253016,0.18772243973339806,0.06885937761815598,1.0,-0.10690483364296584,-0.004773269595208155,0.17596870822283073,0.05365622010260871,-0.004773269804796604,0.08025008175358286,-0.01281649545513758,-0.00014839340119519287,,,,,,,,,,-0.15658523026210994,0.2492841710327696,0.18025024063408887,0.08025008175358286,0.15678089566686734,0.21699811279376877,0.0017438375070145192,0.007075791138611889,0.23481106673775476,0.23590609043350586,0.04032124362281019,-0.1731823104038515,0.012413591157571513,0.08900523317750797,0.12559466621628504,0.18559298472602836,0.18070063151486618,0.09753099393521292,0.07213653667094323,0.07574776697886575,0.07213653667094323,,0.07213653667094323,-0.006808248277280596,0.026456687079320234,0.03400776932309386,,0.11556208921995391,0.057901082374630757,,0.1592236182502809,0.022937199259073414,0.11378973740700721,0.09849268263144975,0.06002336921067356,0.11183838558888876,0.057283267974822576,0.0726912058333955,0.06531519225752977
fg_zscore_14d,0.16298419012050433,0.039497473717126905,-0.11760144141514638,0.013891448545121357,0.036389482316904476,0.2779413210710148,0.0003978324422648536,0.1013945505450633,0.2689578799457632,0.05531907333045484,-0.1031682821083844,0.006405455934960709,-0.030268998000827038,0.027641675629311392,0.028626342964947,0.02871528804247262,0.004736759598357679,0.005890098589799103,0.0615531071805813,-0.10690483364296584,1.0,0.002813938786837988,-0.10316828210838443,-0.034546450255069104,0.002813938774496026,-0.06837254519951763,0.005235480278873633,0.06908164679557646,,,,,,,,,,-0.007888360646854798,-0.14842499250392288,-0.029004988981212638,-0.06837254519951763,-0.14386999205641654,-0.12677842737670053,0.04177489737954481,0.04946302839143041,-0.13281956937806286,-0.14826123472177627,0.014234089984525593,0.017505066046172933,0.06681410787831912,-0.029183079681350976,-0.09693277385561688,-0.09670513319173624,-0.0840435565838798,0.022758640551511725,0.02262390604686703,0.023169854270145236,0.02262390604686703,,0.02262390604686703,0.01966594764039073,0.008595654412113159,0.004778011173839863,,-0.06214230738356379,-0.04735437845589778,,0.006991081435758401,0.041308743993572046,0.017816754853104185,0.016664858614658228,0.03654753258342895,0.01999924010330328,0.03961201312839559,0.04917500753261311,0.03343014868031434
vol_momentum_scaled,-0.04159715803914227,0.014667563859758379,0.030499231725809317,-0.009778163920308775,-0.00040895219851832604,0.0024969161149442035,0.23325553166085364,-0.024644155194312425,-0.011968098597735928,-0.053144605160470884,0.20432182961013273,0.30033907754833605,0.045727861452780134,-0.0007457255223525667,-0.008410962397760124,-0.013672733717555287,-0.0015083529102062148,-0.0005498704995122954,0.000779047012878971,-0.004773269595208155,0.002813938786837988,1.0,0.20432182961013273,0.18977973808615603,1.0000000000000009,0.161727655853951,0.28628097476366215,0.006594562469026187,,,,,,,,,,2.6685455716046076e-05,0.038144076481500165,0.061872090243811045,0.161727655853951,0.028063011323963855,0.15378931340379431,-0.033727970325728614,0.02473464246547623,0.04362959264116659,0.02750048293349684,0.031039575884250704,-0.07616550229398542,-0.05763995962243093,0.04222239595475309,0.15417089714697493,0.18894646539506282,0.15672670366958433,-0.0123716717549989,0.022385324752546197,0.026610716811335287,0.022385324752546197,,0.022385324752546197,-0.014898211999797175,0.02429636800712936,0.031568004800060466,,0.012527672768720929,0.11267289813808257,,-0.011097218323239153,0.010812387145673416,-0.025923412517105855,-0.011649748347859519,0.006287100637176841,-0.0187312776383046,0.01735410045580256,0.0006051172979196952,-0.0030305491517452644
vol_raw,-0.6966351336315786,0.0968265306659844,0.6491847258175205,0.009836693041613696,0.0700851615900809,-0.036013669391416106,0.33927614448748705,-0.07417097833646233,-0.0987542915821503,-0.03396330936313221,1.0,0.4162040735305302,0.022596341987820907,0.009065489177008593,0.011717115979400493,0.01101785958938826,3.7523561552302264e-05,0.3835609105422416,0.07843795666883946,0.17596870822283073,-0.10316828210838443,0.20432182961013273,1.0,0.600253142360003,0.2043218283485317,0.752159084822969,0.5076148448441257,0.025206863706221792,,,,,,,,,,-0.1214646983747865,0.7138264162238334,0.3195215421382663,0.752159084822969,0.6530408396813797,0.961797954925335,-0.2382151753174444,-0.08523756900697572,0.6840741496367325,0.6624655570698889,0.1619316727186126,-0.4862074412523454,-0.20282128110059272,0.25520895226144485,0.7336092816797052,0.9486025877548421,0.8048282995217478,-0.04543919027943715,0.17518690965236877,0.17493668948444938,0.17518690965236877,,0.17518690965236877,-0.04845210860487504,0.061018785707871864,0.19655832453218436,,0.24696739019804687,0.5458982287290978,,0.03168518162155469,0.059704518913676806,-0.05529166005930844,-0.051407542765270334,-0.021343549245927965,-0.05450136233913482,0.1448173614662158,0.015587121739004136,0.08552499104759312
vol_raw_decile,-0.251074554802701,0.1162714537966208,0.24523052093522635,0.0022144135218082036,0.002711487063786329,0.012362879635379983,0.49998445420409315,-0.03631459040247299,-0.04980266064110717,-0.012432400775539263,0.600253142360003,0.6172623551308906,0.008502214545436884,0.008325064473232177,0.011994359077641459,0.010919522576336462,-0.0033846370917333876,0.06553092832697073,0.082760540729569,0.05365622010260871,-0.034546450255069104,0.18977973808615603,0.600253142360003,1.0,0.18977973795365322,0.25537242992523723,0.7576623235304408,0.09386053003382143,,,,,,,,,,0.0049639504203067815,0.26337234598219705,0.16787496393976517,0.25537242992523723,0.20230611332097725,0.48887359199839425,-0.19893493728474343,0.0018517932499666663,0.2505663536411535,0.24646384819076472,0.08025402261782673,-0.5679720463247179,-0.014039415395592777,0.3598995934185733,0.41064731863411663,0.6290557989614325,0.5916489986304458,-0.08744181949360033,0.12644557012185764,0.12249121375204462,0.12644557012185764,,0.12644557012185764,-0.042658650089449274,0.10292643351044072,0.11348755006754464,,0.2677501972934005,0.14796905771953292,,0.044861204439620106,0.10388856861932977,-0.11433535414368319,-0.09882843265973341,-0.029742700560588354,-0.11005605810604552,0.11985120348746821,0.00785300916049814,0.09683231490882704
vol_raw_momentum,-0.04159715711276787,0.014667563604377175,0.030499231149572884,-0.009778163726487946,-0.00040895232376613556,0.0024969161439521185,0.23325553182970718,-0.024644154532937532,-0.011968098166470247,-0.05314460456867385,0.2043218283485317,0.30033907771741564,0.045727859870934175,-0.0007457252027850179,-0.008410962088039006,-0.013672733382739482,-0.0015083529068329854,-0.0005498711277042984,0.0007790470772433446,-0.004773269804796604,0.002813938774496026,1.0000000000000009,0.2043218283485317,0.18977973795365322,1.0,0.16172765434281772,0.2862809749332344,0.006594562372955526,,,,,,,,,,2.6685703687480057e-05,0.038144075687847945,0.06187208983660752,0.16172765434281772,0.0280630104017373,0.15378931214464053,-0.03372797028974066,0.02473464248117249,0.043629591761682955,0.027500482329701675,0.031039575333890596,-0.07616550221095475,-0.05763995960805088,0.04222239626331098,0.15417089658525593,0.1889464645483841,0.15672670319133583,-0.012371671740752689,0.022385324390425447,0.02661071647208374,0.022385324390425447,,0.022385324390425447,-0.014898212086201233,0.024296368379111016,0.03156800426224386,,0.01252767296106018,0.11267289765619458,,-0.01109721830416111,0.010812387018986548,-0.025923412685498016,-0.011649748422517928,0.006287100494619444,-0.018731277781098638,0.017354100194138532,0.0006051171289750356,-0.0030305493073413082
vol_risk,-0.4119507102617148,0.03838119735538707,0.4077570765906562,0.02018349531159419,0.04969869314919586,-0.04384434135527025,0.16318822281168538,-0.11897699895969166,-0.14452166520172813,-0.055888125173708676,0.752159084822969,0.19040644596436296,0.014567021683473628,0.005177015129499451,0.006594921932065176,0.007186435336062176,-0.0005216849202823925,0.2671512063318543,0.03277551801299809,0.08025008175358286,-0.06837254519951763,0.161727655853951,0.752159084822969,0.25537242992523723,0.16172765434281772,1.0,0.22543431341985878,0.00013100234089564078,,,,,,,,,,-0.06842675215391451,0.4350525158300636,0.17424522223031286,1.0,0.5460801538517015,0.7034036007064853,-0.10526601227701031,-0.033472293167346026,0.44092622690397815,0.37694830940806534,0.1635588102872418,-0.1540222513878428,-0.1327575989270101,0.027186694069490154,0.4158093322905756,0.6963899665207924,0.3981782064082973,-0.028155114381245305,0.08891907152339153,0.08927681459461703,0.08891907152339153,,0.08891907152339153,-0.01637057020427143,0.006792165726558442,0.10658711581934183,,0.028694576804801027,0.809379890687065,,-0.04615369288274894,0.011945826415274278,-0.03465986218512623,-0.0333584507179254,-0.0077807322266575125,-0.034680752790051506,0.06902565298102623,0.0014956236983390365,0.0060429062226817366
vol_scaled,-0.13510196892184337,0.10158086671411601,0.11320989872072287,-0.0001539565221768756,0.005692475234836922,0.03191448588799592,0.6397486951961698,-0.044425690207593134,-0.04018440154461703,-0.0262624961754036,0.5076148448441257,0.7678636938480898,0.01457634357145054,0.0076416445945572025,0.00825004512643581,0.003817242831086977,-0.001314267029078464,0.006217488507083797,0.018904750572384207,-0.01281649545513758,0.005235480278873633,0.28628097476366215,0.5076148448441257,0.7576623235304408,0.2862809749332344,0.22543431341985878,1.0,0.08481303696755586,,,,,,,,,,0.011852897895937152,0.13155780913822976,0.09109848953930236,0.22543431341985876,0.09245134994540365,0.3805584858557858,-0.19580209016359493,-0.006115289345063262,0.12087884621585641,0.1278925425658128,0.03970515020419839,-0.4353542364673545,-0.05869330589012816,0.29956184060440844,0.3614392109441114,0.5282752458788501,0.4899500583711189,-0.11740025180881901,0.062711873951946,0.05982551735536141,0.062711873951946,,0.062711873951946,-0.032096598703034725,0.08699036807955131,0.10456611405216427,,0.19176936626551072,0.12751466719142698,,-0.023003168785803347,0.08944084914037737,-0.14843041425502518,-0.1331383012681649,-0.06481022528008823,-0.1454492009699016,0.05313038343621531,-0.0304556419151849,0.03513923071015891
prob_up,0.02885244904411146,0.8340198132840306,0.13951634681119326,0.17167785772476218,0.07502271220169951,0.10530624469949944,0.05485989120538008,-0.1727278281310757,-0.09476670725481694,-0.26660490972736217,0.025206863706221792,0.09058926382268909,0.3087872716789285,-0.29766376983667947,-0.4146824560976331,-0.4585490215903374,0.0004492699432454385,0.02168685473911711,0.20156755815852348,-0.00014839340119519287,0.06908164679557646,0.006594562469026187,0.025206863706221792,0.09386053003382143,0.006594562372955526,0.00013100234089564078,0.08481303696755586,1.0,,,,,,,,,,0.02237773920028332,0.06063013387852824,0.2506581860928651,0.00013100234089564373,0.03511227941972463,0.039487639020699114,0.17304251166691087,0.1844106148629618,0.047555351089978395,0.06804338892978436,0.2573861871195341,-0.06293448380831997,0.039549648037279284,0.01846143708207787,0.006935617481860094,0.02941733762231123,0.03544278017363105,0.20943515436729326,0.29454379058950875,0.32063007302780216,0.29454379058950875,,0.29454379058950875,0.5327859820995315,0.35213897055473853,0.25403740792695084,,0.022350188508922068,0.02569968993872809,,0.2571910264431117,0.8535463321323477,0.23778538428794302,0.20977309316588547,0.11269787096712307,0.23988238901394462,0.4084037215821737,0.4003664391986468,0.3006941362489371
vol_regime_low,,,,,,,,,,,,,,,,,,,,,,,,,,,,,,,,,,,,,,,,,,,,,,,,,,,,,,,,,,,,,,,,,,,,,,,,,,,,
vol_regime_medium,,,,,,,,,,,,,,,,,,,,,,,,,,,,,,,,,,,,,,,,,,,,,,,,,,,,,,,,,,,,,,,,,,,,,,,,,,,,
vol_regime_high,,,,,,,,,,,,,,,,,,,,,,,,,,,,,,,,,,,,,,,,,,,,,,,,,,,,,,,,,,,,,,,,,,,,,,,,,,,,
momentum_regime_trending,,,,,,,,,,,,,,,,,,,,,,,,,,,,,,,,,,,,,,,,,,,,,,,,,,,,,,,,,,,,,,,,,,,,,,,,,,,,
momentum_regime_ranging,,,,,,,,,,,,,,,,,,,,,,,,,,,,,,,,,,,,,,,,,,,,,,,,,,,,,,,,,,,,,,,,,,,,,,,,,,,,
regime_low_vol_trending,,,,,,,,,,,,,,,,,,,,,,,,,,,,,,,,,,,,,,,,,,,,,,,,,,,,,,,,,,,,,,,,,,,,,,,,,,,,
regime_low_vol_ranging,,,,,,,,,,,,,,,,,,,,,,,,,,,,,,,,,,,,,,,,,,,,,,,,,,,,,,,,,,,,,,,,,,,,,,,,,,,,
regime_high_vol_trending,,,,,,,,,,,,,,,,,,,,,,,,,,,,,,,,,,,,,,,,,,,,,,,,,,,,,,,,,,,,,,,,,,,,,,,,,,,,
regime_high_vol_ranging,,,,,,,,,,,,,,,,,,,,,,,,,,,,,,,,,,,,,,,,,,,,,,,,,,,,,,,,,,,,,,,,,,,,,,,,,,,,
