,q10,q50,q90,truth,$btc_dom,$fg_index,$high_vol_flag,$momentum_10,$momentum_25,$momentum_5,$realized_vol_6,$relative_volatility_index,OPEN1,RSV1,RSV2,RSV3,VOLUME1,btc_std_7d,btc_zscore_14d,fg_std_7d,fg_zscore_14d,vol_momentum_scaled,vol_raw,vol_raw_decile,vol_raw_momentum,vol_risk,vol_scaled,prob_up,vol_regime_low,vol_regime_medium,vol_regime_high,momentum_regime_trending,momentum_regime_ranging,regime_low_vol_trending,regime_low_vol_ranging,regime_high_vol_trending,regime_high_vol_ranging,regime_stability,spread,abs_q50,market_variance,prediction_variance,total_risk,enhanced_info_ratio,info_ratio,potential_gain,potential_loss,expected_value,variance_regime_low,variance_regime_medium,variance_regime_high,variance_regime_extreme,signal_thresh_adaptive,effective_info_ratio_threshold,economically_significant_traditional,economically_significant_expected_value,economically_significant_combined,economically_significant,high_quality,tradeable,q50_x_low_variance,q50_x_high_variance,q50_x_extreme_variance,q50_x_trending,spread_x_high_variance,vol_risk_x_abs_q50,enhanced_info_ratio_x_trending,signal_to_variance_ratio,variance_adjusted_signal,signal_rel,signal_tier,kelly_position_size,signal_tanh,side,signal_strength,position_size_suggestion
q10,1.0,0.049456048438236797,-0.426732421753483,0.37697881589311344,-0.038254396163177544,0.02606955615056449,-0.002079556945304368,0.06604049875892283,0.07378790305499094,0.04967546255460809,-0.49580568162111666,-0.03840686726768323,-0.03636452486345711,-6.416344681683204e-05,0.00045253363941797405,0.004425242807533555,0.0022671478884230788,-0.41316263039663037,0.015391826372413814,-0.17761825155552524,0.11196621033123601,-0.03714040913814828,-0.49580568162111666,-0.1442066085033486,-0.037140408154067925,-0.32657590722957464,-0.06613107407153658,0.17726041600189732,,,,,,,,,,0.12226808973717927,-0.8509705921706033,-0.21715777118109092,-0.32657590722957464,-0.7324039273251602,-0.6769511647205743,0.22294914476196906,0.23839854815001946,-0.697418543808291,-0.7540640641402818,0.001352012814459398,0.33215906958201025,0.045583577897706735,-0.1830874678685464,-0.33769813557455336,-0.484581477414428,-0.422175472488716,-0.014959803907412274,-0.04046533738817702,-0.04305205525125869,-0.04046533738817702,0.004200797491258839,-0.04046533738817702,0.0596378841742408,0.01471519492756359,-0.02257547324150816,,-0.3338896538419768,-0.24284642686062258,,-0.08983593368880316,0.05494288683052141,-0.02032039639293315,-0.023806380103718345,0.09474890127593322,-0.02192371615622043,0.06436280290873816,0.06905164535775508,-0.0019759536485663928
q50,0.049456048438236797,1.0,0.250175345621224,0.221803641895658,0.08414212200223074,0.11148745479630937,0.06188700559794985,-0.23931995521437371,-0.1302262216721479,-0.3705906107694101,0.0968265306659844,0.09049851757936779,0.4245331212943385,-0.30860680955581954,-0.43252303832600686,-0.48521177046047465,-0.0002525890274417289,0.06974239725788013,0.19284191173994292,0.025312426438684803,0.039497473717126905,0.014667563859758379,0.0968265306659844,0.1162714537966208,0.014667563604377175,0.03838119735538707,0.10158086671411601,0.5903014855259041,,,,,,,,,,-0.000904184865721501,0.11545888406995819,0.3988070668969647,0.03838119735538707,0.07621411348022997,0.11167198455585102,0.19992357324049898,0.18408827700869498,0.11145954495781861,0.08581077883276507,0.2626285037872154,-0.09021742603320704,0.005336968576404487,0.04003896646081394,0.07570842390978956,0.09862824965356416,0.10216231167370889,0.2731465639446728,0.2889329995704593,0.32129583969509357,0.2889329995704593,-0.012676214723067604,0.2889329995704593,0.36188394406371094,0.5033051289723535,0.5028733381328532,,0.047139402580133875,0.08732008545421745,,0.3560407358940758,0.9786121397499846,0.3229045207560359,0.272753828608067,0.2483196260794814,0.31790009696434746,0.43690401372054855,0.411426233523479,0.28262676627160255
q90,-0.426732421753483,0.250175345621224,1.0,0.38575595051448763,0.07832098166483804,0.031621911649314695,0.0009511337584927752,-0.08746293508065481,-0.10187515891804269,-0.08168128203661676,0.5037760972335517,0.05150881761727549,0.08713992794144113,-0.02660433604330676,-0.030830193400751077,-0.030282939615346335,-0.0032965642266016403,0.3882235570321021,0.12795299913132924,0.14371991778212947,-0.08679507706430706,0.012689870308245437,0.5037760972335517,0.17286198316540266,0.01268987007196124,0.33036704516410914,0.07331011034505908,0.15756733838094802,,,,,,,,,,-0.10981563934407806,0.8381280937830765,0.32756464261400603,0.33036704516410914,0.6616128277979976,0.674535051072982,-0.1675383812018515,-0.18766393143868773,0.7844150193130351,0.6312780814801686,0.341435702415816,-0.3553130477535394,-0.030202023122376066,0.18410756624249003,0.3465887583123873,0.4984168505922484,0.44016497789330283,0.08676894786880657,0.22322207931903826,0.23139303365851926,0.22322207931903826,-0.006963804638993628,0.22322207931903826,0.011892275328018021,0.13764127672213491,0.24800216008289594,,0.3167879169970787,0.27639604469033885,,0.18895906492438944,0.2153059648789802,0.11012000772183003,0.09153974691667642,0.0908806615310431,0.10762452660744698,0.28476326977572236,0.09259102697395245,0.18200928507444064
truth,0.37697881589311344,0.221803641895658,0.38575595051448763,1.0,0.013854298698138893,0.012014604982388549,-0.003775579500761274,-0.0029307912002618313,-0.009149378521863418,-0.012796930281103482,0.009836693041613696,0.0003376736680900227,0.01592817056658357,-0.006808627157455064,-0.006156815585717198,-0.005910331188170697,-0.000159651004886849,-0.0028677422050417964,0.035059545589140054,-0.003351399499973811,0.013891448545121357,-0.009778163920308775,0.009836693041613696,0.0022144135218082036,-0.009778163726487946,0.02018349531159419,-0.0001539565221768756,0.17011306170263713,,,,,,,,,,-0.00010630836655466175,-0.0033479026864986516,0.08168947539222472,0.02018349531159419,-0.02847318748383506,0.004584092490137991,0.03994541429500501,0.032620351947300834,0.06936990918255244,-0.0871660471047749,0.23302011947096435,-0.0061811715312195285,0.005008101965774591,-0.001189307961037785,0.0028495939818615704,0.011381478990154573,0.005174283995212384,0.05394583482201204,0.10246202503102891,0.10671089347711706,0.10246202503102891,-0.0006984289649363947,0.10246202503102891,0.05205867679915253,0.11457444603406627,0.16723588695915886,,-0.012508343423246027,0.0457684299170951,,0.06844875896255084,0.19922068467186446,0.06539208573479328,0.05023358425064859,0.09775377507677123,0.06158696177327564,0.20496079746924614,0.10029052367669557,0.09910690340769318
$btc_dom,-0.038254396163177544,0.08414212200223074,0.07832098166483804,0.013854298698138893,1.0,0.2580244996737947,-0.007734197757910841,0.04009001402082047,0.059651879885141285,0.028713553048977953,0.0700851615900809,0.0033483956234423556,-0.01681945196815171,0.031248571296555637,0.037128213748872,0.04035182321003429,-0.00042027862389566593,0.19748085982764021,0.08370940713850487,0.11128235222803333,0.036389482316904476,-0.00040895219851832604,0.0700851615900809,0.002711487063786329,-0.00040895232376613556,0.04969869314919586,0.005692475234836922,0.04253892591588758,,,,,,,,,,-0.45867835966443044,0.06855760203677279,0.05751649701789798,0.04969869314919586,0.06345847815140167,0.07725189958194818,-0.02044414382232013,-0.0022347057576107303,0.06629161773499759,0.04936715605610579,0.04465405593356074,-0.03296438799130393,-0.003511720701854216,-0.0007835343803298795,0.05713281640802384,0.061365533214224756,0.06034094737078701,0.018872932544101443,0.04290023012555901,0.039879761235015194,0.04290023012555901,-0.0040617424799797896,0.04290023012555901,0.011584741483705106,0.049860403525028074,0.055691322547263986,,0.015613363523628918,0.04417408631189354,,0.030114962227397013,0.07970149461698366,0.02262969017223799,0.006295198691271698,0.031545551479375364,0.017973351993389588,0.05452478334395626,0.04373166778696914,0.03648067502149606
$fg_index,0.02606955615056449,0.11148745479630937,0.031621911649314695,0.012014604982388549,0.2580244996737947,1.0,0.002911043185398274,0.0652639035826247,0.15148916249947506,0.03904218386372013,-0.036013669391416106,0.019882213291726264,-0.02258353096970971,0.040434036050292305,0.050298255763798684,0.05807139212806312,0.007220000386193437,0.08303111583195638,-0.04216246124837162,-0.03460256318844262,0.2779413210710148,0.0024969161149442035,-0.036013669391416106,0.012362879635379983,0.0024969161439521185,-0.04384434135527025,0.03191448588799592,0.05848694690627563,,,,,,,,,,0.1876181184271558,0.0026404876274613042,0.08467220380051169,-0.04384434135527025,-0.027369051842154067,-0.027680707748970586,0.054288164172044996,0.02349291947404673,-0.0028572400279609726,0.007862160076914189,0.01555674246535012,-0.021920593339660985,0.03833644123419486,0.006240917383950029,-0.03743867481884929,-0.029703828912421976,-0.0187759917221601,0.0911515450817559,0.037522501384540885,0.04918880335814513,0.037522501384540885,-0.00662473409062593,0.037522501384540885,0.03850648689789366,0.05290065931091966,0.044955538619134955,,0.00037127713652291395,-0.021225463811992085,,0.10165414457345767,0.11204767511447523,0.09617929348048536,0.0881096250860748,0.05494109620946242,0.09796038650852903,0.06586309133946039,0.07874749433867127,0.04426313264292858
$high_vol_flag,-0.002079556945304368,0.06188700559794985,0.0009511337584927752,-0.003775579500761274,-0.007734197757910841,0.002911043185398274,1.0,-0.031956847977782914,-0.021048340078995025,-0.03149759964074341,0.33927614448748705,0.7787238175207938,0.016222647326771356,0.005891907758938736,0.0029163326131329973,-0.0030572340797747006,-0.003174049174267335,-0.019346733252570476,0.016097463267661406,-0.011418739863322785,0.0003978324422648536,0.23325553166085364,0.33927614448748705,0.49998445420409315,0.23325553182970718,0.16318822281168538,0.6397486951961698,0.05265396095020579,,,,,,,,,,0.02338383591697267,0.0018066465472524594,0.041383664910292044,0.16318822281168538,0.005305171666619257,0.2493508142400601,-0.13744049568131492,0.04628308299026897,0.014042236042223596,-0.010969962500115584,0.03785736729407575,-0.24733961328531653,-0.07708915265384646,0.18696637600837657,0.25441023805663293,0.3473429730816241,0.31667005027980977,-0.09040036135635224,0.04679404974510404,0.044168042244465244,0.04679404974510404,-0.0022719442768077166,0.04679404974510404,-0.021288288711180166,0.05639930821577873,0.06627622925179438,,0.08812273940261878,0.09213156872457627,,-0.040180122751406415,0.05386569140059296,-0.10827892828655201,-0.10369910715289546,-0.02089160392361508,-0.10948976950467992,0.04583998178838184,-0.028723444008318822,0.02620291257665299
$momentum_10,0.06604049875892283,-0.23931995521437371,-0.08746293508065481,-0.0029307912002618313,0.04009001402082047,0.0652639035826247,-0.031956847977782914,1.0,0.6441037017721144,0.6969395187357348,-0.07417097833646233,-0.0338917435916393,-0.441772919509786,0.130905295383108,0.19870908623285644,0.26294886964024,-0.0017086194479307595,-0.007159552940397942,0.08357733266285221,-0.012459448659419704,0.1013945505450633,-0.024644155194312425,-0.07417097833646233,-0.03631459040247299,-0.024644154532937532,-0.11897699895969166,-0.044425690207593134,-0.13338200967484867,,,,,,,,,,4.562188905163362e-05,-0.0906258732877521,-0.07252851710136772,-0.11897699895969166,-0.13703116420704695,-0.08709623352533293,-0.031780824870227584,-0.032252174571747255,-0.07691754361454255,-0.07861936629937762,-0.06270074625154452,-0.0031493327132324006,0.015787383610786437,0.01727141544134887,-0.04399786389333271,-0.06606354491028395,-0.03285389685047267,-0.040621350254612935,-0.050831507683179955,-0.05784465043873435,-0.050831507683179955,0.0015053306664458933,-0.050831507683179955,-0.058163948351942094,-0.15113650120257033,-0.09958412246986816,,0.006325794491076731,-0.11750044614243403,,-0.04804749312736649,-0.23927204328750595,-0.05034017208467329,-0.044128386076247084,-0.024806447222108334,-0.0491986731584716,-0.0900136936164822,-0.06421224842157464,-0.04161885961986112
$momentum_25,0.07378790305499094,-0.1302262216721479,-0.10187515891804269,-0.009149378521863418,0.059651879885141285,0.15148916249947506,-0.021048340078995025,0.6441037017721144,1.0,0.4492295258381267,-0.0987542915821503,-0.019822204362267122,-0.28277979665347586,0.09141744600238981,0.12205542214742214,0.15517073501979411,-0.0008266180565181724,-0.0072321732351905066,0.10821370005174868,-0.026884697167538035,0.2689578799457632,-0.011968098597735928,-0.0987542915821503,-0.04980266064110717,-0.011968098166470247,-0.14452166520172813,-0.04018440154461703,-0.07375455298245581,,,,,,,,,,-0.00018704387028553306,-0.10366853527444922,-0.05591792630475248,-0.14452166520172813,-0.16885541780359736,-0.1082284446659779,-0.016692439539153555,-0.016378789518604324,-0.09493809575148343,-0.08134108752466129,-0.054741845178523055,-0.0052164429632672125,0.025658279746695604,0.02015967748354265,-0.06081001667701734,-0.0842042727125342,-0.044995706991468654,-0.019418275443976684,-0.020893066071843543,-0.027135976724581578,-0.020893066071843543,-0.0025794892258373414,-0.020893066071843543,-0.03516460437973441,-0.08279153293651659,-0.0407597078777354,,0.01092176806800615,-0.1368713372607369,,-0.01619097949355866,-0.1320455551474656,-0.02540179482045201,-0.02658278685146121,-0.0020605257148145545,-0.025320865420671735,-0.05014948445002002,-0.024494514933685183,-0.0065089901398502304
$momentum_5,0.04967546255460809,-0.3705906107694101,-0.08168128203661676,-0.012796930281103482,0.028713553048977953,0.03904218386372013,-0.03149759964074341,0.6969395187357348,0.4492295258381267,1.0,-0.03396330936313221,-0.026623723311757434,-0.6235081260543199,0.18642841289493292,0.30216543811755375,0.40821161429438535,-0.0038525844976661856,-0.004635851187120713,0.06296349431084446,-0.008220157929823267,0.05531907333045484,-0.053144605160470884,-0.03396330936313221,-0.012432400775539263,-0.05314460456867385,-0.055888125173708676,-0.0262624961754036,-0.1922948557080004,,,,,,,,,,-6.705299431016394e-05,-0.07739767093265194,-0.13732789537719345,-0.055888125173708676,-0.12462499881050873,-0.053476934846511164,-0.07209947229525332,-0.06725103074566224,-0.06420500177221572,-0.0690198623277467,-0.08523973876252719,-0.005485347116667735,0.010485058621232519,0.010589793877858815,-0.022862320455706457,-0.03013773228747048,-0.015235295936556698,-0.09392725652567714,-0.07707103761116268,-0.09196547462868854,-0.07707103761116268,0.0017586989026664949,-0.07707103761116268,-0.08477128690288453,-0.23257462933761536,-0.18822469190465918,,-0.002402295863347755,-0.08620885029575258,,-0.11484604110413124,-0.36647426912572834,-0.10998155366979478,-0.10024134381133688,-0.06269469036314117,-0.11003400705326856,-0.1326410528535193,-0.11183897540690811,-0.07199932641231238
$realized_vol_6,-0.49580568162111666,0.0968265306659844,0.5037760972335517,0.009836693041613696,0.0700851615900809,-0.036013669391416106,0.33927614448748705,-0.07417097833646233,-0.0987542915821503,-0.03396330936313221,1.0,0.4162040735305301,0.022596341987820907,0.00906548917700859,0.011717115979400493,0.011017859589388264,3.752356155230232e-05,0.3835609105422417,0.07843795666883946,0.17596870822283067,-0.1031682821083844,0.20432182961013273,1.0,0.600253142360003,0.2043218283485317,0.752159084822969,0.5076148448441257,0.011401231338817805,,,,,,,,,,-0.1214646983747865,0.5916097134192158,0.3195215421382663,0.752159084822969,0.48923511280034687,0.9526153054980573,-0.24600483947149596,-0.030258290612826685,0.5416814153150007,0.46118698680227316,0.16469914484017273,-0.4862074412523454,-0.20282128110059272,0.25520895226144485,0.7336092816797052,0.9486025877548421,0.8048282995217478,-0.04543919027943715,0.14853795361722025,0.1558783000898905,0.14853795361722025,-0.0039052542951439582,0.14853795361722025,-0.04845210860487504,0.061018785707871864,0.19655832453218436,,0.2335155487387258,0.5458982287290978,,0.03168518162155469,0.059704518913676806,-0.05529166005930844,-0.051407542765270334,-0.005240765549777074,-0.05450136233913482,0.12489999011722373,-0.013172697579934755,0.059377916652994696
$relative_volatility_index,-0.03840686726768323,0.09049851757936779,0.05150881761727549,0.0003376736680900227,0.0033483956234423556,0.019882213291726264,0.7787238175207938,-0.0338917435916393,-0.019822204362267122,-0.026623723311757434,0.4162040735305301,1.0,0.00911953184659519,0.00876608322754807,0.008244202254279959,0.0037957908177672197,-0.0019810256448363223,-0.00022364372886556227,0.002930403967390284,-0.011135569944681093,0.006405455934960709,0.30033907754833605,0.4162040735305302,0.6172623551308906,0.30033907771741564,0.19040644596436296,0.7678636938480898,0.06385349005971627,,,,,,,,,,0.0019946858071609465,0.05307852321942348,0.0446024437864959,0.19040644596436296,0.0289699473118981,0.31921103523830796,-0.21313458227119325,0.011999203385278304,0.052018721858010916,0.039342239868528396,0.03894792821851585,-0.3656744948538034,-0.027245562861655647,0.23452998647602183,0.2903585612890447,0.43091618597113573,0.40120026047997986,-0.12123064077209614,0.050078782519144764,0.048072586747891805,0.050078782519144764,-0.008309017264269244,0.050078782519144764,-0.013144371922633964,0.07141573246488477,0.07498070295487555,,0.13730108483860462,0.10323186851578293,,-0.047147295170828656,0.08333534036305143,-0.15259952063898713,-0.13598826969327593,-0.05564713796065372,-0.14932001718910784,0.054039075027650756,-0.05795128198505367,0.02684726393843317
OPEN1,-0.03636452486345711,0.4245331212943385,0.08713992794144113,0.01592817056658357,-0.01681945196815171,-0.02258353096970971,0.016222647326771356,-0.441772919509786,-0.28277979665347586,-0.6235081260543199,0.022596341987820907,0.00911953184659519,1.0,-0.34022410288428134,-0.5760774998513603,-0.6207476617689003,-0.0026000906000275535,0.012683230965999581,-0.043226774230003255,0.007540412052005309,-0.030268998000827038,0.045727861452780134,0.022596341987820907,0.008502214545436884,0.045727859870934175,0.014567021683473628,0.01457634357145054,0.23060309086034564,,,,,,,,,,-0.0024310283334002016,0.07253929316124434,0.1911767173997932,0.014567021683473628,0.1098022222234187,0.04241143591321387,0.10346524058055988,0.09445613775408983,0.06161713284977833,0.06357273018600963,0.10149702567835643,-0.0014998024395311658,-0.009475044416583108,-0.00013533044512086716,0.01794369733568383,0.01619680410124464,0.014727223616582253,0.13176152927579268,0.0951987928548735,0.11506257810201782,0.0951987928548735,-0.001980249513613005,0.0951987928548735,0.08904529170259771,0.2519680738489575,0.25424587966583595,,0.009460339782621204,0.08754446393565904,,0.16447151176508334,0.410979861429567,0.15450651466921028,0.14181016782216427,0.09756412014029728,0.15499683807753137,0.15883409448602945,0.144592483235499,0.09050610411902899
RSV1,-6.416344681683204e-05,-0.30860680955581954,-0.02660433604330676,-0.006808627157455064,0.031248571296555637,0.040434036050292305,0.005891907758938736,0.130905295383108,0.09141744600238981,0.18642841289493292,0.00906548917700859,0.00876608322754807,-0.34022410288428134,1.0,0.8108812218730754,0.6836413875329619,-0.011178143323044513,0.010182036878587982,0.02235438615106624,-0.0017202905903349924,0.027641675629311392,-0.0007457255223525667,0.009065489177008593,0.008325064473232177,-0.0007457252027850179,0.005177015129499451,0.0076416445945572025,-0.22015389265437038,,,,,,,,,,-0.015881396004161878,-0.01541164621624334,-0.10650048553896901,0.005177015129499451,-0.011912625253762733,0.0012129798017172122,-0.08589045247886143,-0.06282450043599724,-0.0024810360903810137,-0.026766620394669607,-0.04502149965983244,-0.011129430713038341,0.0067725990131891085,0.00012779143583843835,0.005770674799061026,0.008707888113186872,0.009816148792851524,-0.09719344638124729,-0.07158017310967511,-0.08436722753277337,-0.07158017310967511,-0.0015186666997075132,-0.07158017310967511,-0.16842107627381311,-0.14397527037694283,-0.0903139977940382,,-0.005335565056877636,-0.008357180306109687,,-0.11251527494227113,-0.3191973568434363,-0.11015180090165534,-0.10041079587689611,-0.06287140516796884,-0.11037695249580283,-0.12258865809633158,-0.11343102316628807,-0.07271627495242565
RSV2,0.00045253363941797405,-0.43252303832600686,-0.030830193400751077,-0.006156815585717198,0.037128213748872,0.050298255763798684,0.0029163326131329973,0.19870908623285644,0.12205542214742214,0.30216543811755375,0.011717115979400493,0.008244202254279959,-0.5760774998513603,0.8108812218730754,1.0,0.8962333403608349,0.007488459830134588,0.012286372267817345,0.030142050080792147,-0.0008490476480777574,0.028626342964947,-0.008410962397760124,0.011717115979400493,0.011994359077641459,-0.008410962088039006,0.006594921932065176,0.00825004512643581,-0.2925080952279726,,,,,,,,,,-0.017415610320880473,-0.01817743816877956,-0.1459069758026882,0.006594921932065176,-0.017215490900880627,0.001408146501083588,-0.11979768180545354,-0.09068519494234047,-0.003500443292108697,-0.030900152547183285,-0.06758387878889618,-0.01361075825941934,0.004802004851096526,0.0033962759215438814,0.008420858831057306,0.01266802232690467,0.013069469178193653,-0.13083444551125767,-0.10758730947937395,-0.1277072998348685,-0.10758730947937395,0.000863448264411142,-0.10758730947937395,-0.23671706153658814,-0.20299295481841403,-0.12268567655801614,,-0.0040985824909443806,-0.01294846976659608,,-0.1543848490515591,-0.4477287680255737,-0.15199116664267084,-0.14237279599115638,-0.08532723115266581,-0.15353699233034046,-0.17534748151039484,-0.1528995539116447,-0.10903193856899263
RSV3,0.004425242807533555,-0.48521177046047465,-0.030282939615346335,-0.005910331188170697,0.04035182321003429,0.05807139212806312,-0.0030572340797747006,0.26294886964024,0.15517073501979411,0.40821161429438535,0.011017859589388264,0.0037957908177672197,-0.6207476617689003,0.6836413875329619,0.8962333403608349,1.0,0.008173059069051102,0.014209440943267706,0.036276253747556546,0.0005179807834020548,0.02871528804247262,-0.013672733717555287,0.01101785958938826,0.010919522576336462,-0.013672733382739482,0.007186435336062176,0.003817242831086977,-0.3183496400206062,,,,,,,,,,-0.017631753417942334,-0.020255753412629824,-0.1631672457634229,0.007186435336062176,-0.02183353063988853,-0.00047771143044107175,-0.1326691309661372,-0.10566644924025496,-0.0042590386340231766,-0.03400402553373044,-0.07560656382639437,-0.014409688829141093,0.006901801565108503,0.003287926362958392,0.00635683851896594,0.011987945713372892,0.011838925057474716,-0.1443410681632864,-0.12163376796015496,-0.14450002657764702,-0.12163376796015496,0.0009849332485975897,-0.12163376796015496,-0.26171084125879734,-0.22873201237096932,-0.13857689339602924,,-0.0032704888952535217,-0.01434874895036796,,-0.1707571667554124,-0.5020532784459482,-0.16778148636877255,-0.15845077520871706,-0.09578644909233201,-0.17007528363831687,-0.1949330819851381,-0.17070550385036323,-0.1236132413867067
VOLUME1,0.0022671478884230788,-0.0002525890274417289,-0.0032965642266016403,-0.000159651004886849,-0.00042027862389566593,0.007220000386193437,-0.003174049174267335,-0.0017086194479307595,-0.0008266180565181724,-0.0038525844976661856,3.752356155230232e-05,-0.0019810256448363223,-0.0026000906000275535,-0.011178143323044513,0.007488459830134588,0.008173059069051102,1.0,0.003955869992549433,0.0027593064930830384,0.0011650353438253016,0.004736759598357679,-0.0015083529102062148,3.7523561552302264e-05,-0.0033846370917333876,-0.0015083529068329854,-0.0005216849202823925,-0.001314267029078464,9.29467031032084e-05,,,,,,,,,,0.0023492502802799258,-0.003281889589097513,-0.0033855882825621383,-0.0005216849202823925,-0.0017814745799969885,-0.0013431493083144853,-0.0025663420991240814,-0.0013345228897731509,-0.004616852265802396,-0.0006549837293112114,-0.004034962852055988,-0.0039367216176125625,0.002451765762216222,0.0030107037024690217,-0.0020044687446085607,0.0009732213425037396,0.00031304479576666817,-0.0034252017252882744,-0.004668431213482396,-0.004277640384033287,-0.004668431213482396,-2.5882560170561152e-05,-0.004668431213482396,-0.00042711955051883907,-0.0018341362187606278,-0.0005262526059925331,,0.00108438275000139,-0.0006527034893004382,,-0.0032017051197431577,-0.00017744188032829602,-0.003748819765476011,-0.00513805661285269,-0.0028200952852530177,-0.004131592319135265,-0.004411425797038352,-0.002140761526057949,-0.004609309877590964
btc_std_7d,-0.41316263039663037,0.06974239725788013,0.3882235570321021,-0.0028677422050417964,0.19748085982764021,0.08303111583195638,-0.019346733252570476,-0.007159552940397942,-0.0072321732351905066,-0.004635851187120713,0.3835609105422417,-0.00022364372886556227,0.012683230965999581,0.010182036878587982,0.012286372267817345,0.014209440943267706,0.003955869992549433,1.0,0.03613998934415639,0.18772243973339806,0.005890098589799103,-0.0005498704995122954,0.3835609105422416,0.06553092832697073,-0.0005498711277042984,0.2671512063318543,0.006217488507083797,0.010155676607028659,,,,,,,,,,-0.293341978727504,0.47465713944174803,0.2600238173563345,0.2671512063318543,0.38762789903688216,0.45413969000950677,-0.03485025063799529,-0.016291539534566434,0.4250300927811584,0.3803508566425204,0.1108903844442426,-0.23091136978092358,-0.05885460997113663,0.12494656814030791,0.2822325762440851,0.3785382626437477,0.33055744201394993,0.0928300318414791,0.1080042381298765,0.12066055830452302,0.1080042381298765,-0.0023696565335276755,0.1080042381298765,-0.0013289883935547126,0.03648730104781274,0.08682743393010449,,0.19155447564555095,0.20942151504645393,,0.16350394506464236,0.057235229486938564,0.11200464148781226,0.09604676511490076,0.07196837523471944,0.10966574201937855,0.0928599856138198,0.07339674292036728,0.07807433468771427
btc_zscore_14d,0.015391826372413814,0.19284191173994292,0.12795299913132924,0.035059545589140054,0.08370940713850487,-0.04216246124837162,0.016097463267661406,0.08357733266285221,0.10821370005174868,0.06296349431084446,0.07843795666883946,0.002930403967390284,-0.043226774230003255,0.02235438615106624,0.030142050080792147,0.036276253747556546,0.0027593064930830384,0.03613998934415639,1.0,0.06885937761815598,0.0615531071805813,0.000779047012878971,0.07843795666883946,0.082760540729569,0.0007790470772433446,0.03277551801299809,0.018904750572384207,0.15029216555138264,,,,,,,,,,0.0408433371789486,0.06502457336454881,0.08981440949728724,0.03277551801299809,0.029740725333303675,0.08181750691679741,0.027360493828112533,0.03578176130775423,0.07743320261817292,0.030011263887017317,0.10152507509290598,-0.05460499184763299,-0.006464764115310041,0.022507780387927397,0.06395635957742336,0.07285997908715766,0.07599428453041643,0.05909833448590605,0.12788317638431976,0.12627121533036384,0.12788317638431976,0.001548607205276069,0.12788317638431976,0.09762848257458198,0.09539227918230948,0.07049406537750912,,0.01810547332894913,0.02546402202124334,,0.06789476782180837,0.1955790359614979,0.06412422813124163,0.04845234754276143,0.0920798495698747,0.0645824629667148,0.16645658331410737,0.11208317275989058,0.12240222202532186
fg_std_7d,-0.17761825155552524,0.025312426438684803,0.14371991778212947,-0.003351399499973811,0.11128235222803333,-0.03460256318844262,-0.011418739863322785,-0.012459448659419704,-0.026884697167538035,-0.008220157929823267,0.17596870822283067,-0.011135569944681093,0.007540412052005309,-0.0017202905903349924,-0.0008490476480777574,0.0005179807834020548,0.0011650353438253016,0.18772243973339806,0.06885937761815598,1.0,-0.10690483364296584,-0.004773269595208155,0.17596870822283073,0.05365622010260871,-0.004773269804796604,0.08025008175358286,-0.01281649545513758,-0.018578670902711036,,,,,,,,,,-0.15658523026210994,0.19059472246855377,0.18025024063408887,0.08025008175358286,0.10399133103225455,0.19781907897236886,0.00835073713867905,0.016740390770869976,0.17336279883331449,0.1494879149214372,0.045608173435417135,-0.1731823104038515,0.012413591157571513,0.08900523317750797,0.12559466621628504,0.18559298472602836,0.18070063151486618,0.09753099393521292,0.06304343339290795,0.06954104297612446,0.06304343339290795,-0.003204760964029188,0.06304343339290795,-0.006808248277280596,0.026456687079320234,0.03400776932309386,,0.10300496371160461,0.057901082374630757,,0.1592236182502809,0.022937199259073414,0.11378973740700721,0.09849268263144975,0.0662897977974796,0.11183838558888876,0.045103095585820825,0.06721717359391094,0.05490102480661357
fg_zscore_14d,0.11196621033123601,0.039497473717126905,-0.08679507706430706,0.013891448545121357,0.036389482316904476,0.2779413210710148,0.0003978324422648536,0.1013945505450633,0.2689578799457632,0.05531907333045484,-0.1031682821083844,0.006405455934960709,-0.030268998000827038,0.027641675629311392,0.028626342964947,0.02871528804247262,0.004736759598357679,0.005890098589799103,0.0615531071805813,-0.10690483364296584,1.0,0.002813938786837988,-0.10316828210838443,-0.034546450255069104,0.002813938774496026,-0.06837254519951763,0.005235480278873633,0.041097592339448194,,,,,,,,,,-0.007888360646854798,-0.11793800481694405,-0.029004988981212638,-0.06837254519951763,-0.10168582447547887,-0.11675785261509776,0.034011289316575294,0.03276902879780663,-0.09483547742324146,-0.10747016728733162,0.003957305607535505,0.017505066046172933,0.06681410787831912,-0.029183079681350976,-0.09693277385561688,-0.09670513319173624,-0.0840435565838798,0.022758640551511725,0.010368914912746413,0.009224521709156124,0.010368914912746413,0.0015765679975196104,0.010368914912746413,0.01966594764039073,0.008595654412113159,0.004778011173839863,,-0.05538735094860095,-0.04735437845589778,,0.006991081435758401,0.041308743993572046,0.017816754853104185,0.016664858614658228,0.03393159322560565,0.01999924010330328,0.01820034393807428,0.03433110808835529,0.020219882873679727
vol_momentum_scaled,-0.03714040913814828,0.014667563859758379,0.012689870308245437,-0.009778163920308775,-0.00040895219851832604,0.0024969161149442035,0.23325553166085364,-0.024644155194312425,-0.011968098597735928,-0.053144605160470884,0.20432182961013273,0.30033907754833605,0.045727861452780134,-0.0007457255223525667,-0.008410962397760124,-0.013672733717555287,-0.0015083529102062148,-0.0005498704995122954,0.000779047012878971,-0.004773269595208155,0.002813938786837988,1.0,0.20432182961013273,0.18977973808615603,1.0000000000000009,0.161727655853951,0.28628097476366215,0.008565754735600497,,,,,,,,,,2.6685455716046076e-05,0.02977073614536424,0.061872090243811045,0.161727655853951,0.05657623833228468,0.16371011005112285,-0.046496606159671244,0.04004097516713816,0.047409334006651024,0.0012153650287251025,0.04840692244951693,-0.07616550229398542,-0.05763995962243093,0.04222239595475309,0.15417089714697493,0.18894646539506282,0.15672670366958433,-0.0123716717549989,0.023583427205111557,0.027133802785242384,0.023583427205111557,-0.0033915111667279277,0.023583427205111557,-0.014898211999797175,0.02429636800712936,0.031568004800060466,,0.008794149875324835,0.11267289813808257,,-0.011097218323239153,0.010812387145673416,-0.025923412517105855,-0.011649748347859519,0.017443082550906455,-0.0187312776383046,0.017662658614712636,-0.012716652953854372,0.0005686993658723331
vol_raw,-0.49580568162111666,0.0968265306659844,0.5037760972335517,0.009836693041613696,0.0700851615900809,-0.036013669391416106,0.33927614448748705,-0.07417097833646233,-0.0987542915821503,-0.03396330936313221,1.0,0.4162040735305302,0.022596341987820907,0.009065489177008593,0.011717115979400493,0.01101785958938826,3.7523561552302264e-05,0.3835609105422416,0.07843795666883946,0.17596870822283073,-0.10316828210838443,0.20432182961013273,1.0,0.600253142360003,0.2043218283485317,0.752159084822969,0.5076148448441257,0.011401231338817805,,,,,,,,,,-0.1214646983747865,0.5916097134192158,0.3195215421382663,0.752159084822969,0.48923511280034687,0.9526153054980573,-0.24600483947149596,-0.030258290612826685,0.5416814153150007,0.46118698680227316,0.16469914484017273,-0.4862074412523454,-0.20282128110059272,0.25520895226144485,0.7336092816797052,0.9486025877548421,0.8048282995217478,-0.04543919027943715,0.14853795361722025,0.1558783000898905,0.14853795361722025,-0.0039052542951439582,0.14853795361722025,-0.04845210860487504,0.061018785707871864,0.19655832453218436,,0.2335155487387258,0.5458982287290978,,0.03168518162155469,0.059704518913676806,-0.05529166005930844,-0.051407542765270334,-0.005240765549777074,-0.05450136233913482,0.12489999011722373,-0.013172697579934755,0.059377916652994696
vol_raw_decile,-0.1442066085033486,0.1162714537966208,0.17286198316540266,0.0022144135218082036,0.002711487063786329,0.012362879635379983,0.49998445420409315,-0.03631459040247299,-0.04980266064110717,-0.012432400775539263,0.600253142360003,0.6172623551308906,0.008502214545436884,0.008325064473232177,0.011994359077641459,0.010919522576336462,-0.0033846370917333876,0.06553092832697073,0.082760540729569,0.05365622010260871,-0.034546450255069104,0.18977973808615603,0.600253142360003,1.0,0.18977973795365322,0.25537242992523723,0.7576623235304408,0.06890880433993807,,,,,,,,,,0.0049639504203067815,0.18736668795917938,0.16787496393976517,0.25537242992523723,0.13094322265091635,0.494334106992899,-0.22865964400676864,0.046536863038058776,0.18024941773103334,0.13768567046304578,0.089240809649438,-0.5679720463247179,-0.014039415395592777,0.3598995934185733,0.41064731863411663,0.6290557989614325,0.5916489986304458,-0.08744181949360033,0.1071796752292195,0.11148348019754346,0.1071796752292195,-0.007128390810356071,0.1071796752292195,-0.042658650089449274,0.10292643351044072,0.11348755006754464,,0.24594872696357412,0.14796905771953292,,0.044861204439620106,0.10388856861932977,-0.11433535414368319,-0.09882843265973341,-0.005193711241431511,-0.11005605810604552,0.10797284863519652,-0.023934830762719322,0.07695000674592825
vol_raw_momentum,-0.037140408154067925,0.014667563604377175,0.01268987007196124,-0.009778163726487946,-0.00040895232376613556,0.0024969161439521185,0.23325553182970718,-0.024644154532937532,-0.011968098166470247,-0.05314460456867385,0.2043218283485317,0.30033907771741564,0.045727859870934175,-0.0007457252027850179,-0.008410962088039006,-0.013672733382739482,-0.0015083529068329854,-0.0005498711277042984,0.0007790470772433446,-0.004773269804796604,0.002813938774496026,1.0000000000000009,0.2043218283485317,0.18977973795365322,1.0,0.16172765434281772,0.2862809749332344,0.008565755044985164,,,,,,,,,,2.6685703687480057e-05,0.029770735414597446,0.06187208983660752,0.16172765434281772,0.05657623729309884,0.1637101087989568,-0.0464966061447003,0.04004097511311717,0.04740933305506449,0.001215364815186814,0.04840692183243957,-0.07616550221095475,-0.05763995960805088,0.04222239626331098,0.15417089658525593,0.1889464645483841,0.15672670319133583,-0.012371671740752689,0.023583426802260516,0.027133802451428487,0.023583426802260516,-0.003391511113332232,0.023583426802260516,-0.014898212086201233,0.024296368379111016,0.03156800426224386,,0.008794149990272645,0.11267289765619458,,-0.01109721830416111,0.010812387018986548,-0.025923412685498016,-0.011649748422517928,0.017443082569582487,-0.018731277781098638,0.017662658299369048,-0.0127166531929526,0.0005686991926407986
vol_risk,-0.32657590722957464,0.03838119735538707,0.33036704516410914,0.02018349531159419,0.04969869314919586,-0.04384434135527025,0.16318822281168538,-0.11897699895969166,-0.14452166520172813,-0.055888125173708676,0.752159084822969,0.19040644596436296,0.014567021683473628,0.005177015129499451,0.006594921932065176,0.007186435336062176,-0.0005216849202823925,0.2671512063318543,0.03277551801299809,0.08025008175358286,-0.06837254519951763,0.161727655853951,0.752159084822969,0.25537242992523723,0.16172765434281772,1.0,0.22543431341985878,-0.000772425690836265,,,,,,,,,,-0.06842675215391451,0.3888326529086625,0.17424522223031286,1.0,0.47633535876380234,0.7075505187681024,-0.10485560177099484,-0.01022619541361161,0.3800482161798053,0.2745742236213854,0.14802295579585328,-0.1540222513878428,-0.1327575989270101,0.027186694069490154,0.4158093322905756,0.6963899665207924,0.3981782064082973,-0.028155114381245305,0.07207663502161865,0.075198209367856,0.07207663502161865,-0.0010694931544675916,0.07207663502161865,-0.01637057020427143,0.006792165726558442,0.10658711581934183,,0.02685434028357656,0.809379890687065,,-0.04615369288274894,0.011945826415274278,-0.03465986218512623,-0.0333584507179254,-0.004881311969823583,-0.034680752790051506,0.05745894896684221,-0.010546322067879546,-0.009960897104884757
vol_scaled,-0.06613107407153658,0.10158086671411601,0.07331011034505908,-0.0001539565221768756,0.005692475234836922,0.03191448588799592,0.6397486951961698,-0.044425690207593134,-0.04018440154461703,-0.0262624961754036,0.5076148448441257,0.7678636938480898,0.01457634357145054,0.0076416445945572025,0.00825004512643581,0.003817242831086977,-0.001314267029078464,0.006217488507083797,0.018904750572384207,-0.01281649545513758,0.005235480278873633,0.28628097476366215,0.5076148448441257,0.7576623235304408,0.2862809749332344,0.22543431341985878,1.0,0.06291079346224292,,,,,,,,,,0.011852897895937152,0.08246131546429286,0.09109848953930236,0.22543431341985876,0.05271246824994928,0.39481790055915533,-0.22356322896719555,0.03663197734917885,0.08191511700129998,0.05894952828512084,0.05435931099466337,-0.4353542364673545,-0.05869330589012816,0.29956184060440844,0.3614392109441114,0.5282752458788501,0.4899500583711189,-0.11740025180881901,0.0645534027453168,0.06444320484945622,0.0645534027453168,-0.005861010069164152,0.0645534027453168,-0.032096598703034725,0.08699036807955131,0.10456611405216427,,0.17479894856836029,0.12751466719142698,,-0.023003168785803347,0.08944084914037737,-0.14843041425502518,-0.1331383012681649,-0.040629815478656274,-0.1454492009699016,0.06496690651647934,-0.05413023296552381,0.03691577685883585
prob_up,0.17726041600189732,0.5903014855259041,0.15756733838094802,0.17011306170263713,0.04253892591588758,0.05848694690627563,0.05265396095020579,-0.13338200967484867,-0.07375455298245581,-0.1922948557080004,0.011401231338817805,0.06385349005971627,0.23060309086034564,-0.22015389265437038,-0.2925080952279726,-0.3183496400206062,9.29467031032084e-05,0.010155676607028659,0.15029216555138264,-0.018578670902711036,0.041097592339448194,0.008565754735600497,0.011401231338817805,0.06890880433993807,0.008565755044985164,-0.000772425690836265,0.06291079346224292,1.0,,,,,,,,,,0.02009477599617196,-0.015407701316435268,0.17762779044571333,-0.0007724256908362672,-0.007435335266389448,0.0029616892724270184,0.15220445071577032,0.188583636074861,0.01763474523467646,-0.03201161945812618,0.25361585451895374,-0.025497822943091268,0.005492029254715837,0.018043447603827267,0.005922255142988657,0.017025641779848295,0.016789887792652936,0.1495468825681074,0.2561531117518124,0.2651175758968422,0.2561531117518124,-0.026636163041250344,0.2561531117518124,0.3749969179646575,0.25656286136314577,0.2139363513656712,,0.0016841389677296795,0.02094449238341575,,0.1813048241282378,0.5983509364045868,0.16972660013619398,0.14629619756683646,0.3058590271211909,0.17067326821577286,0.37397468931587696,0.3111360541910266,0.2580557303198551
vol_regime_low,,,,,,,,,,,,,,,,,,,,,,,,,,,,,,,,,,,,,,,,,,,,,,,,,,,,,,,,,,,,,,,,,,,,,,,,,,,,
vol_regime_medium,,,,,,,,,,,,,,,,,,,,,,,,,,,,,,,,,,,,,,,,,,,,,,,,,,,,,,,,,,,,,,,,,,,,,,,,,,,,
vol_regime_high,,,,,,,,,,,,,,,,,,,,,,,,,,,,,,,,,,,,,,,,,,,,,,,,,,,,,,,,,,,,,,,,,,,,,,,,,,,,
momentum_regime_trending,,,,,,,,,,,,,,,,,,,,,,,,,,,,,,,,,,,,,,,,,,,,,,,,,,,,,,,,,,,,,,,,,,,,,,,,,,,,
momentum_regime_ranging,,,,,,,,,,,,,,,,,,,,,,,,,,,,,,,,,,,,,,,,,,,,,,,,,,,,,,,,,,,,,,,,,,,,,,,,,,,,
regime_low_vol_trending,,,,,,,,,,,,,,,,,,,,,,,,,,,,,,,,,,,,,,,,,,,,,,,,,,,,,,,,,,,,,,,,,,,,,,,,,,,,
regime_low_vol_ranging,,,,,,,,,,,,,,,,,,,,,,,,,,,,,,,,,,,,,,,,,,,,,,,,,,,,,,,,,,,,,,,,,,,,,,,,,,,,
regime_high_vol_trending,,,,,,,,,,,,,,,,,,,,,,,,,,,,,,,,,,,,,,,,,,,,,,,,,,,,,,,,,,,,,,,,,,,,,,,,,,,,
regime_high_vol_ranging,,,,,,,,,,,,,,,,,,,,,,,,,,,,,,,,,,,,,,,,,,,,,,,,,,,,,,,,,,,,,,,,,,,,,,,,,,,,
