,q10,q50,q90,truth,$btc_dom,$fg_index,$high_vol_flag,$momentum_10,$momentum_25,$momentum_5,$realized_vol_6,$relative_volatility_index,OPEN1,RSV1,RSV2,RSV3,VOLUME1,btc_std_7d,btc_zscore_14d,fg_std_7d,fg_zscore_14d,vol_momentum_scaled,vol_raw,vol_raw_decile,vol_raw_momentum,vol_risk,vol_scaled,prob_up,vol_regime_low,vol_regime_medium,vol_regime_high,momentum_regime_trending,momentum_regime_ranging,regime_low_vol_trending,regime_low_vol_ranging,regime_high_vol_trending,regime_high_vol_ranging,regime_stability,spread,abs_q50,market_variance,prediction_variance,total_risk,enhanced_info_ratio,info_ratio,potential_gain,potential_loss,expected_value,variance_regime_low,variance_regime_medium,variance_regime_high,variance_regime_extreme,signal_thresh_adaptive,effective_info_ratio_threshold,economically_significant_traditional,economically_significant_expected_value,economically_significant_combined,economically_significant,high_quality,tradeable,q50_x_low_variance,q50_x_high_variance,q50_x_extreme_variance,q50_x_trending,spread_x_high_variance,vol_risk_x_abs_q50,enhanced_info_ratio_x_trending,signal_to_variance_ratio,variance_adjusted_signal,signal_tier,kelly_position_size,side,signal_strength,position_size_suggestion
q10,1.0,-0.06254793158151842,-0.7503346808301853,0.2085941720033846,-0.059401698905737134,0.030239970847167067,-0.027831558060531066,0.11307221293139268,0.11638842270919116,0.09687241890591142,-0.6370058954219789,-0.06310356003906398,-0.07209102991118715,0.012022824816593326,0.013764586724493513,0.02156142640552791,-0.0030047853047423492,-0.5167080885329356,0.004249642844956046,-0.24218481170736178,0.1611431996749175,-0.043354183147547874,-0.6370058954219789,-0.2068608971090047,-0.04335418199707282,-0.4087071537029845,-0.10304318667206389,0.10572122654890229,,,,,,,,,,0.15719824724805093,-0.9370199288910006,-0.1878454017784705,-0.4087071537029845,-0.8389104471752215,-0.7970019567214167,0.3146034537961476,0.32229884330046665,-0.8305006172605024,-0.9246002821916907,0.0922080390892056,0.40944358235253103,0.07766793757423636,-0.22807836436031867,-0.4481559687085258,-0.6180715432919841,-0.5453019730932619,0.032627201164605005,-0.07960027930670235,-0.05762940432121005,-0.07960027930670235,,-0.07960027930670235,0.09033276338857545,-0.07841399808956868,-0.20625488366660788,,-0.34641071547972446,-0.3664741793085523,,-0.04434955063039951,-0.03232303897266136,0.06658505617192743,0.10781132343987634,-0.0252764314278033,0.08930973999134008,-0.03562152888103314
q50,-0.06254793158151842,1.0,0.17150970163733845,0.09589187844333735,0.11002304713884438,0.1072336839166549,0.05883220396795868,-0.3062297949769107,-0.1622955196259033,-0.43426372832875304,0.0911089960939642,0.07490548823376932,0.5002833230819437,-0.3921102997559742,-0.5580013792370823,-0.6143308302096004,0.002604949721727738,0.09754039930637091,0.23599057302130516,0.03813142741844773,0.039043940039154526,0.030076629704591424,0.0911089960939642,0.11407522247759147,0.030076629301011328,0.028828781619784655,0.08825749325153721,0.7649723614011655,,,,,,,,,,-0.012661986812078823,0.12443044769677701,0.616157274561232,0.028828781619784655,0.08972036182013744,0.11005785193027205,0.38919111737670026,0.43219440042114526,0.14817450950518207,0.08387258675732794,0.25483745902789395,-0.10129754446055561,0.018447975163468834,0.04622726361382611,0.06297281000024997,0.09330574124771572,0.09750397822743889,0.3557045941231694,0.3347512258982735,0.3790045099531737,0.3347512258982735,,0.3347512258982735,0.42264779738901004,0.4699760976140749,0.3528379731518962,,0.055366173679703146,0.12391268479197834,,0.576042643139553,0.9900955092270012,0.5015920474993348,0.3416867279467231,0.43004429627512364,0.451471678558186,0.3321428882992542
q90,-0.7503346808301853,0.17150970163733845,1.0,0.16434290295873738,0.11835722309320808,0.01541181046814631,0.04397653133680527,-0.0653361448564169,-0.09346938790300191,-0.050936287078509945,0.6951151987370802,0.10315831831047895,0.05567587903337789,0.008831236499047247,0.008548275589130152,0.010276867082903086,0.0010019191995827511,0.5292671530929969,0.15068493239560102,0.22772466992708693,-0.12582979648997025,0.060588400803230094,0.6951151987370802,0.2736605564649469,0.06058840013101769,0.43551486320542787,0.1364659180113839,0.04053691652350726,,,,,,,,,,-0.16979042111261122,0.9339702252986192,0.26676269861258,0.43551486320542787,0.7887913693049331,0.8321190004601755,-0.3012350163636323,-0.28437769681475894,0.9249602954512136,0.8217351889471711,0.2103077783150274,-0.46760535565131717,-0.06827355120479929,0.2418231651240386,0.5033320945970764,0.6817723922440108,0.6161370544028675,0.0006249667968729995,0.28572732760913505,0.2737903638442998,0.28572732760913505,,0.28572732760913505,-0.07249158899891904,0.13874646775004373,0.2962156981069261,,0.3411191665531747,0.4074838709579791,,0.10309499994255547,0.13105177744495441,-0.03195683938765237,0.019150849794541038,0.30789613253733894,0.06139917927872037,0.23236577351036167
truth,0.2085941720033846,0.09589187844333735,0.16434290295873738,1.0,0.013854298698138893,0.012014604982388549,-0.003775579500761274,-0.0029307912002618313,-0.009149378521863418,-0.012796930281103482,0.009836693041613696,0.0003376736680900227,0.01592817056658357,-0.006808627157455064,-0.006156815585717198,-0.005910331188170697,-0.000159651004886849,-0.0028677422050417964,0.035059545589140054,-0.003351399499973811,0.013891448545121357,-0.009778163920308775,0.009836693041613696,0.0022144135218082036,-0.009778163726487946,0.02018349531159419,-0.0001539565221768756,0.0940483746383533,,,,,,,,,,-0.00010630836655466175,-0.02592856084199406,0.050446151651053865,0.02018349531159419,-0.04439263900095282,-0.005079747707252603,0.03060055074173513,0.03670382203494145,0.0438653496545253,-0.09430675590932251,0.21216696816189864,-0.0061811715312195285,0.005008101965774591,-0.001189307961037785,0.0028495939818615704,0.011381478990154573,0.005174283995212384,0.03211998194524808,0.10796038594868788,0.1189839361383253,0.10796038594868788,,0.10796038594868788,0.025658364492509564,0.05417619410485244,0.06677175423311713,,-0.015704808138005545,0.03556798755806804,,0.04214314241411888,0.08811483290557551,0.038038788965396135,0.07238557114354309,0.16490034886187685,0.08867191071734512,0.10137573600963926
$btc_dom,-0.059401698905737134,0.11002304713884438,0.11835722309320808,0.013854298698138893,1.0,0.2580244996737947,-0.007734197757910841,0.04009001402082047,0.059651879885141285,0.028713553048977953,0.0700851615900809,0.0033483956234423556,-0.01681945196815171,0.031248571296555637,0.037128213748872,0.04035182321003429,-0.00042027862389566593,0.19748085982764021,0.08370940713850487,0.11128235222803333,0.036389482316904476,-0.00040895219851832604,0.0700851615900809,0.002711487063786329,-0.00040895232376613556,0.04969869314919586,0.005692475234836922,0.0808875418791542,,,,,,,,,,-0.45867835966443044,0.09464609546485919,0.018217528455430627,0.04969869314919586,0.08403341394029362,0.08582707032998611,-0.06360753183078148,-0.057563699936670806,0.10634686187069284,0.07031032056814973,0.0726443811454027,-0.03296438799130393,-0.003511720701854216,-0.0007835343803298795,0.05713281640802384,0.061365533214224756,0.06034094737078701,0.03519600175533119,0.09766840726629433,0.09053368979980787,0.09766840726629433,,0.09766840726629433,0.014622602464692174,0.06888036271253889,0.0692205251185602,,0.01917456603165766,0.05369772428336829,,-0.0061324331685339685,0.10440477397999148,0.00649308956249807,0.04391878579826632,0.11374171048532485,0.06002807322904256,0.09133258938698373
$fg_index,0.030239970847167067,0.1072336839166549,0.01541181046814631,0.012014604982388549,0.2580244996737947,1.0,0.002911043185398274,0.0652639035826247,0.15148916249947506,0.03904218386372013,-0.036013669391416106,0.019882213291726264,-0.02258353096970971,0.040434036050292305,0.050298255763798684,0.05807139212806312,0.007220000386193437,0.08303111583195638,-0.04216246124837162,-0.03460256318844262,0.2779413210710148,0.0024969161149442035,-0.036013669391416106,0.012362879635379983,0.0024969161439521185,-0.04384434135527025,0.03191448588799592,0.08292746426313435,,,,,,,,,,0.1876181184271558,-0.008203975577124522,0.11005399735875472,-0.04384434135527025,-0.030025903818762578,-0.029493965268604504,0.06313708186809175,0.062171408859412705,0.002680829209222268,-0.018327200921942722,0.04737032665714368,-0.021920593339660985,0.03833644123419486,0.006240917383950029,-0.03743867481884929,-0.029703828912421976,-0.0187759917221601,0.08267546301659155,0.0721661176810085,0.07975379920310971,0.0721661176810085,,0.0721661176810085,0.026323912078201662,0.05580991162105901,0.04283117819243596,,-0.0001728849004806966,-0.012508984153233578,,0.11544017247575235,0.1056014509504893,0.10898543584831587,0.09757661588524708,0.08795227872403746,0.11802898823221226,0.0791898431572233
$high_vol_flag,-0.027831558060531066,0.05883220396795868,0.04397653133680527,-0.003775579500761274,-0.007734197757910841,0.002911043185398274,1.0,-0.031956847977782914,-0.021048340078995025,-0.03149759964074341,0.33927614448748705,0.7787238175207938,0.016222647326771356,0.005891907758938736,0.0029163326131329973,-0.0030572340797747006,-0.003174049174267335,-0.019346733252570476,0.016097463267661406,-0.011418739863322785,0.0003978324422648536,0.23325553166085364,0.33927614448748705,0.49998445420409315,0.23325553182970718,0.16318822281168538,0.6397486951961698,0.06928667552141325,,,,,,,,,,0.02338383591697267,0.03828040431681324,0.005005654322442273,0.16318822281168538,0.02410817172141251,0.2420922668046758,-0.15428485784438337,-0.029107245798119963,0.03941911416202619,0.032156801056115035,0.023374830357536423,-0.24733961328531653,-0.07708915265384646,0.18696637600837657,0.25441023805663293,0.3473429730816241,0.31667005027980977,-0.07393448158088449,0.05460590314056832,0.04670800733788548,0.05460590314056832,,0.05460590314056832,-0.052478958135596214,0.08037275227897908,0.11677835438844988,,0.09889844152142363,0.1364166406573117,,-0.06338960175439246,0.04320007848033538,-0.12672960358224716,-0.04932024443802178,0.056429327805368475,-0.03128890314264503,0.03551796703431883
$momentum_10,0.11307221293139268,-0.3062297949769107,-0.0653361448564169,-0.0029307912002618313,0.04009001402082047,0.0652639035826247,-0.031956847977782914,1.0,0.6441037017721144,0.6969395187357348,-0.07417097833646233,-0.0338917435916393,-0.441772919509786,0.130905295383108,0.19870908623285644,0.26294886964024,-0.0017086194479307595,-0.007159552940397942,0.08357733266285221,-0.012459448659419704,0.1013945505450633,-0.024644155194312425,-0.07417097833646233,-0.03631459040247299,-0.024644154532937532,-0.11897699895969166,-0.044425690207593134,-0.17861438569180854,,,,,,,,,,4.562188905163362e-05,-0.09564482488724753,-0.1387414884483186,-0.11897699895969166,-0.15544383777310247,-0.08790549037250404,-0.07055796226970164,-0.08055872625764324,-0.08124105736923862,-0.09801930476877269,-0.027082192326156804,-0.0031493327132324006,0.015787383610786437,0.01727141544134887,-0.04399786389333271,-0.06606354491028395,-0.03285389685047267,-0.05813509658500315,-0.04079194707656801,-0.04798300533572487,-0.04079194707656801,,-0.04079194707656801,-0.06017601567615444,-0.1878399226772839,-0.18816389947811082,,0.007525188914047089,-0.1380764873865477,,-0.10332334818014038,-0.29166383965273285,-0.09321180259805723,-0.049390342259961945,-0.06391348890920129,-0.07415836178460469,-0.027318025784383956
$momentum_25,0.11638842270919116,-0.1622955196259033,-0.09346938790300191,-0.009149378521863418,0.059651879885141285,0.15148916249947506,-0.021048340078995025,0.6441037017721144,1.0,0.4492295258381267,-0.0987542915821503,-0.019822204362267122,-0.28277979665347586,0.09141744600238981,0.12205542214742214,0.15517073501979411,-0.0008266180565181724,-0.0072321732351905066,0.10821370005174868,-0.026884697167538035,0.2689578799457632,-0.011968098597735928,-0.0987542915821503,-0.04980266064110717,-0.011968098166470247,-0.14452166520172813,-0.04018440154461703,-0.08678803782507662,,,,,,,,,,-0.00018704387028553306,-0.11230192864193894,-0.06504140907125568,-0.14452166520172813,-0.19026918902705106,-0.10919993889933437,-0.02852395953418772,-0.030806558382579258,-0.09379276915421639,-0.11672773676125325,0.0027393415150837592,-0.0052164429632672125,0.025658279746695604,0.02015967748354265,-0.06081001667701734,-0.0842042727125342,-0.044995706991468654,-0.020613672422411928,0.0010236633789633314,-0.0023603941750369502,0.0010236633789633314,,0.0010236633789633314,-0.027265734863645148,-0.09943991599413234,-0.10574961591922605,,0.011745775164556013,-0.13412963825473995,,-0.03139104413761757,-0.15253748210373952,-0.03535576447320403,-0.009671524159430168,-0.016219418202054733,-0.021308909758598907,0.01741547141881396
$momentum_5,0.09687241890591142,-0.43426372832875304,-0.050936287078509945,-0.012796930281103482,0.028713553048977953,0.03904218386372013,-0.03149759964074341,0.6969395187357348,0.4492295258381267,1.0,-0.03396330936313221,-0.026623723311757434,-0.6235081260543199,0.18642841289493292,0.30216543811755375,0.40821161429438535,-0.0038525844976661856,-0.004635851187120713,0.06296349431084446,-0.008220157929823267,0.05531907333045484,-0.053144605160470884,-0.03396330936313221,-0.012432400775539263,-0.05314460456867385,-0.055888125173708676,-0.0262624961754036,-0.26158086488920584,,,,,,,,,,-6.705299431016394e-05,-0.07927934586051191,-0.26969023905794287,-0.055888125173708676,-0.1323713416619289,-0.054705788499658896,-0.14885031052735406,-0.1699124909825772,-0.0768980583983584,-0.07142450710554667,-0.07754390038192197,-0.005485347116667735,0.010485058621232519,0.010589793877858815,-0.022862320455706457,-0.03013773228747048,-0.015235295936556698,-0.0989254616750269,-0.0759147969107545,-0.09685642167345097,-0.0759147969107545,,-0.0759147969107545,-0.08914978879469881,-0.26399631102592047,-0.28039591231578176,,-0.0005776176846784255,-0.15685832895300178,,-0.22258813300488411,-0.410906115782434,-0.17286888001253348,-0.08685775117339935,-0.11171315087997077,-0.12677035910982357,-0.065171002679481
$realized_vol_6,-0.6370058954219789,0.0911089960939642,0.6951151987370802,0.009836693041613696,0.0700851615900809,-0.036013669391416106,0.33927614448748705,-0.07417097833646233,-0.0987542915821503,-0.03396330936313221,1.0,0.4162040735305301,0.022596341987820907,0.00906548917700859,0.011717115979400493,0.011017859589388264,3.752356155230232e-05,0.3835609105422417,0.07843795666883946,0.17596870822283067,-0.1031682821083844,0.20432182961013273,1.0,0.600253142360003,0.2043218283485317,0.752159084822969,0.5076148448441257,0.006671260389964519,,,,,,,,,,-0.1214646983747865,0.7116190592274145,0.1421809765176268,0.752159084822969,0.6274071915451557,0.9623415392003645,-0.35713092589992723,-0.23456326678986195,0.683570342490713,0.6478889432084307,0.09158177987364857,-0.4862074412523454,-0.20282128110059272,0.25520895226144485,0.7336092816797052,0.9486025877548421,0.8048282995217478,-0.09320449477233864,0.1893393751970102,0.16661064210030388,0.1893393751970102,,0.1893393751970102,-0.10646683746827686,0.09746201450697743,0.3197337729039072,,0.24632413761809446,0.641786020316948,,-0.08665133512282794,0.04091313056522523,-0.1733602645091038,-0.08548620181694647,0.179472816161963,-0.052438355694694704,0.10629021998395614
$relative_volatility_index,-0.06310356003906398,0.07490548823376932,0.10315831831047895,0.0003376736680900227,0.0033483956234423556,0.019882213291726264,0.7787238175207938,-0.0338917435916393,-0.019822204362267122,-0.026623723311757434,0.4162040735305301,1.0,0.00911953184659519,0.00876608322754807,0.008244202254279959,0.0037957908177672197,-0.0019810256448363223,-0.00022364372886556227,0.002930403967390284,-0.011135569944681093,0.006405455934960709,0.30033907754833605,0.4162040735305302,0.6172623551308906,0.30033907771741564,0.19040644596436296,0.7678636938480898,0.08882100918306489,,,,,,,,,,0.0019946858071609465,0.0886167499324655,0.0049703751732337485,0.19040644596436296,0.05321021361383401,0.3078675686678457,-0.21972468505677764,-0.07022461452851908,0.087961753400442,0.0777946631207777,0.03293090604560951,-0.3656744948538034,-0.027245562861655647,0.23452998647602183,0.2903585612890447,0.43091618597113573,0.40120026047997986,-0.1054455547649038,0.05802645095922611,0.05008299255821491,0.05802645095922611,,0.05802645095922611,-0.07008082190725766,0.09688507854616848,0.12924981945598388,,0.14858400748846706,0.15951572446503134,,-0.07197057102028113,0.05827524975358248,-0.17248129441992208,-0.06974169690269068,0.06930874392373439,-0.04763784157866403,0.036623141233325454
OPEN1,-0.07209102991118715,0.5002833230819437,0.05567587903337789,0.01592817056658357,-0.01681945196815171,-0.02258353096970971,0.016222647326771356,-0.441772919509786,-0.28277979665347586,-0.6235081260543199,0.022596341987820907,0.00911953184659519,1.0,-0.34022410288428134,-0.5760774998513603,-0.6207476617689003,-0.0026000906000275535,0.012683230965999581,-0.043226774230003255,0.007540412052005309,-0.030268998000827038,0.045727861452780134,0.022596341987820907,0.008502214545436884,0.045727859870934175,0.014567021683473628,0.01457634357145054,0.3125703485916787,,,,,,,,,,-0.0024310283334002016,0.06838737687303703,0.33522769599643754,0.014567021683473628,0.11485182462999036,0.04248820744863635,0.19043522012925326,0.2210900910006943,0.07422959092690952,0.053510890410056584,0.10994864045572059,-0.0014998024395311658,-0.009475044416583108,-0.00013533044512086716,0.01794369733568383,0.01619680410124464,0.014727223616582253,0.11297483113449697,0.11476285534681052,0.15141709494057096,0.11476285534681052,,0.11476285534681052,0.09889087027496095,0.2963670124299877,0.346630157655401,,0.007967751433199723,0.1175781502665271,,0.2843162452413847,0.46765672918769086,0.20105573009132408,0.11198845585706278,0.15889498075229452,0.16617148072364926,0.10610574718524511
RSV1,0.012022824816593326,-0.3921102997559742,0.008831236499047247,-0.006808627157455064,0.031248571296555637,0.040434036050292305,0.005891907758938736,0.130905295383108,0.09141744600238981,0.18642841289493292,0.00906548917700859,0.00876608322754807,-0.34022410288428134,1.0,0.8108812218730754,0.6836413875329619,-0.011178143323044513,0.010182036878587982,0.02235438615106624,-0.0017202905903349924,0.027641675629311392,-0.0007457255223525667,0.009065489177008593,0.008325064473232177,-0.0007457252027850179,0.005177015129499451,0.0076416445945572025,-0.3156470716996325,,,,,,,,,,-0.015881396004161878,-0.0018331646428071254,-0.21469980978179484,0.005177015129499451,-0.008153159220843963,0.005240924408010669,-0.1820062889263229,-0.197387323498915,0.0037290221972579494,-0.007335109381751398,-0.045116696813849874,-0.011129430713038341,0.0067725990131891085,0.00012779143583843835,0.005770674799061026,0.008707888113186872,0.009816148792851524,-0.12107567468781073,-0.06347554349466941,-0.08221408168415821,-0.06347554349466941,,-0.06347554349466941,-0.21032900612234517,-0.1694825940432954,-0.10371764954116233,,-0.0028824741258029404,-0.029968937632594148,,-0.2098981356262331,-0.3931046720289225,-0.19939007290553076,-0.0945729494874771,-0.09110160306162614,-0.13150547904435142,-0.06393456349881899
RSV2,0.013764586724493513,-0.5580013792370823,0.008548275589130152,-0.006156815585717198,0.037128213748872,0.050298255763798684,0.0029163326131329973,0.19870908623285644,0.12205542214742214,0.30216543811755375,0.011717115979400493,0.008244202254279959,-0.5760774998513603,0.8108812218730754,1.0,0.8962333403608349,0.007488459830134588,0.012286372267817345,0.030142050080792147,-0.0008490476480777574,0.028626342964947,-0.008410962397760124,0.011717115979400493,0.011994359077641459,-0.008410962088039006,0.006594921932065176,0.00825004512643581,-0.4487974634810978,,,,,,,,,,-0.017415610320880473,-0.0029242207088824123,-0.3355289193943428,0.006594921932065176,-0.01338696462236817,0.0056904264688294156,-0.28100729075985753,-0.3053752988823534,0.0010131141599790125,-0.006620102416940519,-0.07608466704442735,-0.01361075825941934,0.004802004851096526,0.0033962759215438814,0.008420858831057306,0.01266802232690467,0.013069469178193653,-0.1675939661587663,-0.10550989336479576,-0.1384984380452619,-0.10550989336479576,,-0.10550989336479576,-0.29120415338077116,-0.2434271860785333,-0.1542637080722721,,-0.0005351483556807344,-0.048220335866281924,,-0.3271126786425615,-0.5584032967664442,-0.2822228080015154,-0.13905282130615473,-0.1474190438424899,-0.19525847969195118,-0.10640923767327982
RSV3,0.02156142640552791,-0.6143308302096004,0.010276867082903086,-0.005910331188170697,0.04035182321003429,0.05807139212806312,-0.0030572340797747006,0.26294886964024,0.15517073501979411,0.40821161429438535,0.011017859589388264,0.0037957908177672197,-0.6207476617689003,0.6836413875329619,0.8962333403608349,1.0,0.008173059069051102,0.014209440943267706,0.036276253747556546,0.0005179807834020548,0.02871528804247262,-0.013672733717555287,0.01101785958938826,0.010919522576336462,-0.013672733382739482,0.007186435336062176,0.003817242831086977,-0.48937985764617764,,,,,,,,,,-0.017631753417942334,-0.00622567284355709,-0.37155409159398234,0.007186435336062176,-0.018931253696718355,0.0034155371973637657,-0.30828558942632484,-0.3339246904162863,-0.0003965598745860628,-0.011438627101636609,-0.0802623802063977,-0.014409688829141093,0.006901801565108503,0.003287926362958392,0.00635683851896594,0.011987945713372892,0.011838925057474716,-0.18617617196804742,-0.11192642067163798,-0.14629024562934184,-0.11192642067163798,,-0.11192642067163798,-0.3153508207822892,-0.27071531831488743,-0.17459470766137952,,-0.0005069771507331334,-0.05344293099143437,,-0.36095299763516564,-0.6143592914614499,-0.31329728900254045,-0.15402068659899765,-0.1571584735901946,-0.21414690229119532,-0.11271510774089127
VOLUME1,-0.0030047853047423492,0.002604949721727738,0.0010019191995827511,-0.000159651004886849,-0.00042027862389566593,0.007220000386193437,-0.003174049174267335,-0.0017086194479307595,-0.0008266180565181724,-0.0038525844976661856,3.752356155230232e-05,-0.0019810256448363223,-0.0026000906000275535,-0.011178143323044513,0.007488459830134588,0.008173059069051102,1.0,0.003955869992549433,0.0027593064930830384,0.0011650353438253016,0.004736759598357679,-0.0015083529102062148,3.7523561552302264e-05,-0.0033846370917333876,-0.0015083529068329854,-0.0005216849202823925,-0.001314267029078464,0.0006876655361439537,,,,,,,,,,0.0023492502802799258,0.0021536816076536103,-0.0005388075308763032,-0.0005216849202823925,0.0008581580495403482,0.0007224991507139563,-0.0024973162930366426,-0.00277786465720205,0.0009225316875854126,0.0031392316803261155,-0.002586340413942123,-0.0039367216176125625,0.002451765762216222,0.0030107037024690217,-0.0020044687446085607,0.0009732213425037396,0.00031304479576666817,-0.0013039073338165618,-0.003806709692913624,-0.003478373589392769,-0.003806709692913624,,-0.003806709692913624,-0.0008981563000446723,0.004912585690875539,-0.0008673074192004416,,0.004792395046191738,-0.00035105566469088986,,-3.972040929243918e-05,0.0028129208640389424,-0.0029493724658840323,-0.0015066609517952801,-0.003683370420257415,-0.002124171881274307,-0.003758971648877038
btc_std_7d,-0.5167080885329356,0.09754039930637091,0.5292671530929969,-0.0028677422050417964,0.19748085982764021,0.08303111583195638,-0.019346733252570476,-0.007159552940397942,-0.0072321732351905066,-0.004635851187120713,0.3835609105422417,-0.00022364372886556227,0.012683230965999581,0.010182036878587982,0.012286372267817345,0.014209440943267706,0.003955869992549433,1.0,0.03613998934415639,0.18772243973339806,0.005890098589799103,-0.0005498704995122954,0.3835609105422416,0.06553092832697073,-0.0005498711277042984,0.2671512063318543,0.006217488507083797,0.022619850488637582,,,,,,,,,,-0.293341978727504,0.5589619172031732,0.18862621391318798,0.2671512063318543,0.48165848253592136,0.48004052610080045,-0.13103581967686795,-0.1298829523028817,0.5352548058028699,0.5106252161594931,0.07013443467232196,-0.23091136978092358,-0.05885460997113663,0.12494656814030791,0.2822325762440851,0.3785382626437477,0.33055744201394993,0.05069392205417914,0.15683023909362467,0.14668795462953527,0.15683023909362467,,0.15683023909362467,-0.01829273963940182,0.0716356520562647,0.1265986799594551,,0.20276664761833563,0.25890867094238607,,0.0962974589261851,0.08212471053896309,0.035509372966097644,0.03320959538283788,0.15025181637663454,0.05308149586269447,0.12913261586645602
btc_zscore_14d,0.004249642844956046,0.23599057302130516,0.15068493239560102,0.035059545589140054,0.08370940713850487,-0.04216246124837162,0.016097463267661406,0.08357733266285221,0.10821370005174868,0.06296349431084446,0.07843795666883946,0.002930403967390284,-0.043226774230003255,0.02235438615106624,0.030142050080792147,0.036276253747556546,0.0027593064930830384,0.03613998934415639,1.0,0.06885937761815598,0.0615531071805813,0.000779047012878971,0.07843795666883946,0.082760540729569,0.0007790470772433446,0.03277551801299809,0.018904750572384207,0.22336431389389072,,,,,,,,,,0.0408433371789486,0.07731846629630199,0.13111461153820117,0.03277551801299809,0.043057847142810066,0.08345995846901122,0.048785399648653714,0.06655816102155493,0.11845396053870723,0.025005618093881955,0.17526846297686607,-0.05460499184763299,-0.006464764115310041,0.022507780387927397,0.06395635957742336,0.07285997908715766,0.07599428453041643,0.13189167274266547,0.2377436650159963,0.23605968478774403,0.2377436650159963,,0.2377436650159963,0.10712403623540988,0.10805778697926795,0.09944763182854377,,0.019826276900364845,0.05135003886681599,,0.10702837344381787,0.230298865027743,0.11814972758940241,0.18055186971304385,0.27943294357156734,0.20679480180282772,0.23543702949463238
fg_std_7d,-0.24218481170736178,0.03813142741844773,0.22772466992708693,-0.003351399499973811,0.11128235222803333,-0.03460256318844262,-0.011418739863322785,-0.012459448659419704,-0.026884697167538035,-0.008220157929823267,0.17596870822283067,-0.011135569944681093,0.007540412052005309,-0.0017202905903349924,-0.0008490476480777574,0.0005179807834020548,0.0011650353438253016,0.18772243973339806,0.06885937761815598,1.0,-0.10690483364296584,-0.004773269595208155,0.17596870822283073,0.05365622010260871,-0.004773269804796604,0.08025008175358286,-0.01281649545513758,-0.011465388601625806,,,,,,,,,,-0.15658523026210994,0.2512391458846983,0.12846057368633057,0.08025008175358286,0.15039128435276175,0.21764591836134065,-0.08556148452192146,-0.08151469052194778,0.24328131450457904,0.2267309817908869,0.036521274764271916,-0.1731823104038515,0.012413591157571513,0.08900523317750797,0.12559466621628504,0.18559298472602836,0.18070063151486618,0.053770030754653045,0.07055594065837606,0.06551594304839128,0.07055594065837606,,0.07055594065837606,-0.0264790754892251,0.03644544727681409,0.05597397526006961,,0.11840432591958266,0.07921381427817382,,0.0952672229072767,0.033128748164414,0.03502695323946649,0.022996179389329473,0.057052373964396864,0.03539204416391877,0.06486087571360222
fg_zscore_14d,0.1611431996749175,0.039043940039154526,-0.12582979648997025,0.013891448545121357,0.036389482316904476,0.2779413210710148,0.0003978324422648536,0.1013945505450633,0.2689578799457632,0.05531907333045484,-0.1031682821083844,0.006405455934960709,-0.030268998000827038,0.027641675629311392,0.028626342964947,0.02871528804247262,0.004736759598357679,0.005890098589799103,0.0615531071805813,-0.10690483364296584,1.0,0.002813938786837988,-0.10316828210838443,-0.034546450255069104,0.002813938774496026,-0.06837254519951763,0.005235480278873633,0.06809437201998626,,,,,,,,,,-0.007888360646854798,-0.15359310395331682,0.006557537929681329,-0.06837254519951763,-0.1389038807030257,-0.12840553343328442,0.052197894696073284,0.07141275117601961,-0.1268482609473889,-0.16109280955454666,0.04926499431716166,0.017505066046172933,0.06681410787831912,-0.029183079681350976,-0.09693277385561688,-0.09670513319173624,-0.0840435565838798,0.03919899099816366,0.0521289750866759,0.05636765164559083,0.0521289750866759,,0.0521289750866759,0.015116006638315313,0.008219846488350412,-0.012036710064692886,,-0.06123996999235752,-0.05304486833852283,,0.03486516759111157,0.04206768015091977,0.04607508750950783,0.070088809153409,0.059103664617667195,0.07835645171355765,0.06238220816403268
vol_momentum_scaled,-0.043354183147547874,0.030076629704591424,0.060588400803230094,-0.009778163920308775,-0.00040895219851832604,0.0024969161149442035,0.23325553166085364,-0.024644155194312425,-0.011968098597735928,-0.053144605160470884,0.20432182961013273,0.30033907754833605,0.045727861452780134,-0.0007457255223525667,-0.008410962397760124,-0.013672733717555287,-0.0015083529102062148,-0.0005498704995122954,0.000779047012878971,-0.004773269595208155,0.002813938786837988,1.0,0.20432182961013273,0.18977973808615603,1.0000000000000009,0.161727655853951,0.28628097476366215,0.03387080079216638,,,,,,,,,,2.6685455716046076e-05,0.05544855931192847,0.09008080630641427,0.161727655853951,0.06965211668820871,0.1606403342549122,-0.020001953065607887,0.02969530790586541,0.06688791151468819,0.03649476424382417,0.05166414653579454,-0.07616550229398542,-0.05763995962243093,0.04222239595475309,0.15417089714697493,0.18894646539506282,0.15672670366958433,-0.023937810337443646,0.03203528081860941,0.04633546233608714,0.03203528081860941,,0.03203528081860941,-0.023373280103774006,0.03699406599619796,0.08483276214065147,,0.013110966431653645,0.20702682748750698,,0.021126571420202443,0.016743498514431736,-0.020129157988971108,0.007147370285579239,0.04245777274194278,0.021144857244645848,0.007726403180538394
vol_raw,-0.6370058954219789,0.0911089960939642,0.6951151987370802,0.009836693041613696,0.0700851615900809,-0.036013669391416106,0.33927614448748705,-0.07417097833646233,-0.0987542915821503,-0.03396330936313221,1.0,0.4162040735305302,0.022596341987820907,0.009065489177008593,0.011717115979400493,0.01101785958938826,3.7523561552302264e-05,0.3835609105422416,0.07843795666883946,0.17596870822283073,-0.10316828210838443,0.20432182961013273,1.0,0.600253142360003,0.2043218283485317,0.752159084822969,0.5076148448441257,0.006671260389964519,,,,,,,,,,-0.1214646983747865,0.7116190592274145,0.1421809765176268,0.752159084822969,0.6274071915451557,0.9623415392003645,-0.35713092589992723,-0.23456326678986195,0.683570342490713,0.6478889432084307,0.09158177987364857,-0.4862074412523454,-0.20282128110059272,0.25520895226144485,0.7336092816797052,0.9486025877548421,0.8048282995217478,-0.09320449477233864,0.1893393751970102,0.16661064210030388,0.1893393751970102,,0.1893393751970102,-0.10646683746827686,0.09746201450697743,0.3197337729039072,,0.24632413761809446,0.641786020316948,,-0.08665133512282794,0.04091313056522523,-0.1733602645091038,-0.08548620181694647,0.179472816161963,-0.052438355694694704,0.10629021998395614
vol_raw_decile,-0.2068608971090047,0.11407522247759147,0.2736605564649469,0.0022144135218082036,0.002711487063786329,0.012362879635379983,0.49998445420409315,-0.03631459040247299,-0.04980266064110717,-0.012432400775539263,0.600253142360003,0.6172623551308906,0.008502214545436884,0.008325064473232177,0.011994359077641459,0.010919522576336462,-0.0033846370917333876,0.06553092832697073,0.082760540729569,0.05365622010260871,-0.034546450255069104,0.18977973808615603,0.600253142360003,1.0,0.18977973795365322,0.25537242992523723,0.7576623235304408,0.09819380756587436,,,,,,,,,,0.0049639504203067815,0.2564145873081787,0.09224166413552032,0.25537242992523723,0.1861212566660256,0.4902101840607136,-0.2779354137456363,-0.08140850287811238,0.25605505385503213,0.22346497075248015,0.07708783403242679,-0.5679720463247179,-0.014039415395592777,0.3598995934185733,0.41064731863411663,0.6290557989614325,0.5916489986304458,-0.11598585188057442,0.15157884321232404,0.13775496110621557,0.15157884321232404,,0.15157884321232404,-0.11231222316942162,0.14892787710244584,0.1882351989753329,,0.2654187466672648,0.2188111759370064,,-0.0163571525165632,0.09128683231209182,-0.1838959786639505,-0.05851735926816534,0.160235324819942,-0.025463419767608356,0.12370947476628354
vol_raw_momentum,-0.04335418199707282,0.030076629301011328,0.06058840013101769,-0.009778163726487946,-0.00040895232376613556,0.0024969161439521185,0.23325553182970718,-0.024644154532937532,-0.011968098166470247,-0.05314460456867385,0.2043218283485317,0.30033907771741564,0.045727859870934175,-0.0007457252027850179,-0.008410962088039006,-0.013672733382739482,-0.0015083529068329854,-0.0005498711277042984,0.0007790470772433446,-0.004773269804796604,0.002813938774496026,1.0000000000000009,0.2043218283485317,0.18977973795365322,1.0,0.16172765434281772,0.2862809749332344,0.03387080066263491,,,,,,,,,,2.6685703687480057e-05,0.055448558334842,0.09008080595136995,0.16172765434281772,0.06965211520502035,0.16064033296060334,-0.02000195299566776,0.02969530795005118,0.06688791045467908,0.03649476348018813,0.05166414605963588,-0.07616550221095475,-0.05763995960805088,0.04222239626331098,0.15417089658525593,0.1889464645483841,0.15672670319133583,-0.023937810491405236,0.03203528051785299,0.04633546210405863,0.03203528051785299,,0.03203528051785299,-0.02337328010871488,0.03699406618231348,0.08483276127472016,,0.013110966604731863,0.2070268260431912,,0.021126571540201883,0.016743498254552472,-0.02012915812218971,0.007147370338012973,0.042457772475603804,0.021144857215806237,0.007726403093784092
vol_risk,-0.4087071537029845,0.028828781619784655,0.43551486320542787,0.02018349531159419,0.04969869314919586,-0.04384434135527025,0.16318822281168538,-0.11897699895969166,-0.14452166520172813,-0.055888125173708676,0.752159084822969,0.19040644596436296,0.014567021683473628,0.005177015129499451,0.006594921932065176,0.007186435336062176,-0.0005216849202823925,0.2671512063318543,0.03277551801299809,0.08025008175358286,-0.06837254519951763,0.161727655853951,0.752159084822969,0.25537242992523723,0.16172765434281772,1.0,0.22543431341985878,-0.007032604961209726,,,,,,,,,,-0.06842675215391451,0.45104457254499936,0.05107974094499876,1.0,0.5624931558514772,0.7079990246060629,-0.15277466731952297,-0.10660550217718408,0.43703535419785355,0.4067717977826884,0.06268013987773788,-0.1540222513878428,-0.1327575989270101,0.027186694069490154,0.4158093322905756,0.6963899665207924,0.3981782064082973,-0.040194573837450176,0.08625087889320994,0.0749992701763003,0.08625087889320994,,0.08625087889320994,-0.03478413917310805,0.011328598447973327,0.16338837314019464,,0.028681874228652718,0.8356286225602495,,-0.1008565819174183,-0.001560042779673955,-0.07836507727343958,-0.03956209598843511,0.07680112253250448,-0.032608090519525144,0.01203326464954831
vol_scaled,-0.10304318667206389,0.08825749325153721,0.1364659180113839,-0.0001539565221768756,0.005692475234836922,0.03191448588799592,0.6397486951961698,-0.044425690207593134,-0.04018440154461703,-0.0262624961754036,0.5076148448441257,0.7678636938480898,0.01457634357145054,0.0076416445945572025,0.00825004512643581,0.003817242831086977,-0.001314267029078464,0.006217488507083797,0.018904750572384207,-0.01281649545513758,0.005235480278873633,0.28628097476366215,0.5076148448441257,0.7576623235304408,0.2862809749332344,0.22543431341985878,1.0,0.08778352259770537,,,,,,,,,,0.011852897895937152,0.12780543701982808,0.038493881313644174,0.22543431341985876,0.08506296848681703,0.3830097503521587,-0.24412248261118208,-0.06151531866725659,0.12589165685955656,0.11317985782775082,0.039942056062317134,-0.4353542364673545,-0.05869330589012816,0.29956184060440844,0.3614392109441114,0.5282752458788501,0.4899500583711189,-0.12022720660610552,0.08244366242592695,0.07263049072236995,0.08244366242592695,,0.08244366242592695,-0.08879072130793293,0.1182296963055967,0.1692728379892632,,0.19007263664125654,0.19298308800777045,,-0.05868810097229603,0.0669307784822016,-0.18682511541712835,-0.08076939852119507,0.08635151472900675,-0.05467416090258211,0.056338524304426485
prob_up,0.10572122654890229,0.7649723614011655,0.04053691652350726,0.0940483746383533,0.0808875418791542,0.08292746426313435,0.06928667552141325,-0.17861438569180854,-0.08678803782507662,-0.26158086488920584,0.006671260389964519,0.08882100918306489,0.3125703485916787,-0.3156470716996325,-0.4487974634810978,-0.48937985764617764,0.0006876655361439537,0.022619850488637582,0.22336431389389072,-0.011465388601625806,0.06809437201998626,0.03387080079216638,0.006671260389964519,0.09819380756587436,0.03387080066263491,-0.007032604961209726,0.08778352259770537,1.0,,,,,,,,,,0.025783136186404276,-0.03573210739782547,0.44211051422407066,-0.007032604961209734,-0.027401480952402798,-0.008544673130648047,0.40258121783790585,0.4707200956395609,0.012598419906385093,-0.08022193482466189,0.26757639412994144,-0.038868544148697774,0.029916322701323998,0.010834180808499586,-0.003925097882080678,0.010573582246279458,0.015479783506737366,0.3043546671966807,0.30965784784262973,0.34603212789360843,0.30965784784262973,,0.30965784784262973,0.5119273504236245,0.279010382167267,0.14729445346820483,,-0.007517448196858294,0.04425764479992346,,0.441698616373501,0.7752807286773353,0.4260985828336336,0.4186732160302329,0.3919687122940585,0.46280072465998495,0.3143942044209761
vol_regime_low,,,,,,,,,,,,,,,,,,,,,,,,,,,,,,,,,,,,,,,,,,,,,,,,,,,,,,,,,,,,,,,,,,,,,,,,,,
vol_regime_medium,,,,,,,,,,,,,,,,,,,,,,,,,,,,,,,,,,,,,,,,,,,,,,,,,,,,,,,,,,,,,,,,,,,,,,,,,,
vol_regime_high,,,,,,,,,,,,,,,,,,,,,,,,,,,,,,,,,,,,,,,,,,,,,,,,,,,,,,,,,,,,,,,,,,,,,,,,,,
momentum_regime_trending,,,,,,,,,,,,,,,,,,,,,,,,,,,,,,,,,,,,,,,,,,,,,,,,,,,,,,,,,,,,,,,,,,,,,,,,,,
momentum_regime_ranging,,,,,,,,,,,,,,,,,,,,,,,,,,,,,,,,,,,,,,,,,,,,,,,,,,,,,,,,,,,,,,,,,,,,,,,,,,
regime_low_vol_trending,,,,,,,,,,,,,,,,,,,,,,,,,,,,,,,,,,,,,,,,,,,,,,,,,,,,,,,,,,,,,,,,,,,,,,,,,,
regime_low_vol_ranging,,,,,,,,,,,,,,,,,,,,,,,,,,,,,,,,,,,,,,,,,,,,,,,,,,,,,,,,,,,,,,,,,,,,,,,,,,
regime_high_vol_trending,,,,,,,,,,,,,,,,,,,,,,,,,,,,,,,,,,,,,,,,,,,,,,,,,,,,,,,,,,,,,,,,,,,,,,,,,,
regime_high_vol_ranging,,,,,,,,,,,,,,,,,,,,,,,,,,,,,,,,,,,,,,,,,,,,,,,,,,,,,,,,,,,,,,,,,,,,,,,,,,
regime_stability,0.15719824724805093,-0.012661986812078823,-0.16979042111261122,-0.00010630836655466175,-0.45867835966443044,0.1876181184271558,0.02338383591697267,4.562188905163362e-05,-0.00018704387028553306,-6.705299431016394e-05,-0.1214646983747865,0.0019946858071609465,-0.0024310283334002016,-0.015881396004161878,-0.017415610320880473,-0.017631753417942334,0.0023492502802799258,-0.293341978727504,0.0408433371789486,-0.15658523026210994,-0.007888360646854798,2.6685455716046076e-05,-0.1214646983747865,0.0049639504203067815,2.6685703687480057e-05,-0.06842675215391451,0.011852897895937152,0.025783136186404276,,,,,,,,,,1.0,-0.17468754893390173,0.0015733994119049625,-0.06842675215391451,-0.1261806285723872,-0.1524074704738904,0.1268078109772624,0.1245300670179652,-0.16643093368856524,-0.16044681131202798,-0.01660792050567935,0.07137083485707585,0.021189719407716717,-0.03215213774729068,-0.10075247970152165,-0.11622902901916919,-0.11272640384693575,0.01522019820723846,-0.0331825597898881,-0.024161180723753933,-0.0331825597898881,,-0.0331825597898881,0.03773055935938787,-0.029245352741138445,-0.058165348341703345,,-0.06672891871087415,-0.0628508175024263,,0.03434358512825407,-0.004527336252147754,0.05134611308681359,0.02884254167508017,-0.031208566817052565,0.02514978044248846,-0.022824568542673746
